8000
7371	485	1
8458	3853	4
2879	3405	0
5466	543	0
9072	3744	0
6211	9839	3
2422	234	0
31	30	2
8674	228	1
10781	4351	3
1373	1372	0
2728	3207	1
1513	4352	1
3133	4141	2
3687	3686	3
51	2291	2
5673	1052	0
1089	3317	3
520	4143	4
411	3127	4
5283	1038	4
10413	2240	1
2498	6135	1
4797	5999	4
1604	3774	0
7631	1717	4
361	3053	0
6784	275	3
1603	1719	1
1302	2329	1
11322	7445	3
438	4354	1
6920	667	2
1425	1424	2
10081	10080	3
7430	3635	0
4910	4909	1
2400	1586	2
1203	5574	0
4317	4316	0
183	1053	0
6131	300	3
5211	10233	3
872	871	2
7625	4781	0
4433	6006	0
11834	7254	3
2511	11166	1
10601	10174	3
3555	1397	2
8978	2927	0
4156	4155	3
4704	6551	1
3177	2606	4
2608	2627	2
2841	834	4
6973	9031	0
2895	2894	2
11766	700	3
8396	21	0
3901	2610	2
2868	2650	2
288	2989	0
6471	9463	1
2707	4546	4
3378	3377	3
1269	3610	2
9120	9383	3
6212	3762	1
5188	283	1
3525	2885	4
8679	8619	3
3081	8865	3
6600	2653	4
1453	1532	2
3844	2528	3
10838	5554	1
10559	9111	3
3819	3323	4
922	656	0
521	6523	3
866	2260	2
3840	9770	4
8468	8180	0
4998	580	1
3427	3601	0
6996	1803	2
808	494	1
5680	996	4
1540	1004	4
2496	10448	1
3167	5554	1
7888	883	1
1931	8822	1
3395	3394	4
190	452	1
402	1052	0
8273	554	4
5292	8516	4
838	4295	4
7246	439	1
591	5730	1
3948	5372	2
2821	2942	0
2091	2090	3
2671	2877	0
2900	13	0
1820	1819	3
371	7349	3
10765	1670	1
1727	9844	4
609	2346	1
8603	1682	4
1963	1962	2
6224	9951	1
1752	9444	4
6137	2311	0
8629	4101	1
6652	811	2
1174	8968	4
5630	1751	4
2344	2343	1
10276	8672	3
2221	856	0
6031	1506	2
47	1167	4
1655	11905	1
4658	4657	3
5481	5480	2
844	1095	1
1087	3131	4
6132	409	2
8795	3974	3
3279	7857	2
3068	3950	2
3669	3668	3
1393	494	1
3673	8529	2
11361	6185	3
10157	852	2
5679	1822	3
8786	6347	0
1164	1135	0
3755	5837	1
2272	4030	0
4489	2904	2
3208	3207	1
8552	2343	1
7729	11578	0
10961	7739	2
6984	95	1
1751	715	2
7020	3222	1
878	5387	2
11006	8480	3
4580	4579	4
5699	2305	1
1045	2832	3
4207	4206	3
2407	1057	2
1072	461	0
824	11214	3
647	1535	4
8737	986	3
1708	605	1
515	4535	1
731	730	4
671	3953	3
9561	1510	0
2426	3587	2
3617	7279	0
374	3316	1
1535	1534	4
2664	2663	1
6288	6287	1
2447	2446	3
11547	11546	3
1604	8	0
7125	2314	0
5526	3076	1
3012	5994	3
3317	5427	1
2811	6727	1
1401	5565	2
10779	6623	3
4314	892	4
3005	283	1
2131	7211	2
2708	6187	2
8394	738	3
6394	11034	1
4115	8254	2
2940	785	2
1414	727	2
10712	5921	3
4977	1463	4
1751	2600	4
2040	857	0
69	68	0
7344	3643	2
1904	2207	0
4949	1867	1
7540	130	0
275	718	4
8576	3284	4
8123	1028	2
3721	2302	1
4717	862	0
4949	3279	2
3278	10641	1
516	1823	1
3906	3447	2
3278	2772	4
737	2666	2
4547	4643	4
546	4698	0
1303	10507	1
8345	1815	2
2839	10826	3
6291	4570	3
2073	1372	4
1552	861	0
9927	1719	1
4763	7140	2
6372	2758	1
4167	4166	2
7536	3204	4
2279	1782	1
10489	192	1
3799	5691	1
9994	1904	0
47	8637	4
6101	2305	1
789	2802	4
232	1179	4
4015	1203	0
681	1942	4
1013	8142	4
377	376	3
1323	1887	4
4560	2278	0
7548	424	3
3929	1118	4
7887	6029	2
360	359	1
9245	4643	3
1505	2027	3
6217	7427	0
500	2610	2
6094	5961	2
1303	7880	3
9681	3978	2
2005	7038	1
3426	10998	3
933	10178	4
2649	2898	4
3766	555	0
1237	4433	0
4349	4348	3
7833	7832	2
5526	3323	2
2630	5527	4
625	4408	1
3427	1526	0
10533	1867	1
6676	7340	2
1962	1341	2
1492	2001	4
3693	6839	0
7491	3771	1
8055	1707	4
1038	1535	4
3331	3763	2
3333	11063	1
9377	935	2
49	5715	4
996	557	4
2248	5800	0
4629	4628	3
1625	874	3
6006	4285	3
3434	3480	2
5840	5037	0
3117	3908	1
6744	3161	3
6873	2173	0
1679	4776	1
1842	5744	0
2572	9112	3
7499	2488	4
540	924	2
2746	6600	4
1656	3291	0
4201	573	0
1509	47	4
8567	228	1
10862	10861	3
3129	47	2
2383	2314	0
4779	4778	3
6002	3499	3
1224	461	0
7957	6593	0
9774	1985	2
1047	7130	2
10214	3179	1
2475	739	2
6071	7466	3
5204	7087	3
1895	1680	4
3021	7030	3
2475	3488	2
10649	9327	3
2634	8974	2
1629	195	0
5654	1719	1
4232	3366	1
1729	1782	1
5252	5251	2
6411	2901	1
3145	1254	0
1908	192	1
6553	1487	1
3606	1441	1
4543	4992	1
2597	3479	3
1463	2714	2
151	2566	2
8545	1526	0
8832	871	2
2985	1440	3
6634	144	0
3780	1179	4
8676	651	1
1513	9275	3
11843	1707	4
3003	3612	2
5437	6084	4
2898	2925	4
1920	1850	2
6051	4098	4
453	312	4
11579	11578	3
3863	7653	2
1631	5718	0
3291	11168	0
592	3178	1
9754	1441	1
1287	1286	0
6813	6496	3
2923	716	0
177	5060	4
697	845	4
2384	21	0
9804	5854	4
2264	811	4
1786	596	4
2051	304	2
11192	312	4
4892	3066	4
11593	643	3
3685	3684	2
5092	3076	1
6412	11931	3
4885	1487	1
2291	5156	2
154	6331	2
3684	3500	2
1788	1460	0
6101	9257	3
710	6452	1
3835	3834	3
6838	4030	0
7	4796	2
266	653	1
5641	6325	4
7427	1461	0
8218	8666	0
1526	4453	1
7896	1249	1
1483	9911	3
2747	9685	1
1303	4175	1
2849	2157	0
10340	341	3
5162	1001	4
3693	555	4
7127	1756	4
1009	1008	4
4505	239	3
743	3022	3
2498	463	2
9267	8949	3
3096	14	2
3693	3117	4
5490	4641	1
6022	6021	3
11460	11459	3
6154	7523	1
6289	645	2
10873	2018	0
4810	7340	2
4268	7860	3
873	1310	2
7475	6319	3
2314	6935	0
2690	2689	1
1809	2657	2
1775	1774	2
10692	1512	3
1500	1499	0
5254	5437	3
10952	5451	0
262	261	4
3109	10974	2
4314	361	2
7131	5116	2
3537	5218	0
2565	2042	1
2850	2169	0
2564	4698	4
2940	2939	3
11458	11648	3
388	1205	2
2154	2153	3
9248	3246	3
1128	583	2
836	1898	1
7020	2481	4
9243	3343	0
4100	1152	0
3369	3513	1
2345	10265	0
3798	3797	1
6426	10107	3
6984	494	1
3130	6319	4
4434	7449	3
3130	2655	2
1878	905	2
1312	6140	3
1138	395	0
4765	1053	0
397	5575	2
8479	3194	4
4390	4006	2
222	1238	4
927	6220	0
3485	8180	3
7218	1747	3
2281	2280	0
2276	2788	0
3019	463	3
5828	9060	4
1366	3499	4
10961	4797	2
2879	1840	0
5407	1407	1
1789	5393	1
6081	643	2
3481	3480	2
1690	3752	0
7153	3957	3
4278	2788	0
488	4984	1
9697	1447	4
191	5227	4
250	3219	2
2099	7036	2
2107	6065	2
6128	3133	4
2116	117	2
2518	132	1
4547	4546	4
6737	3673	4
3784	1281	3
3678	1546	4
5828	5833	4
231	6421	0
2453	5005	1
7481	3179	1
2341	2340	0
4786	2248	0
3369	3368	1
6869	8192	1
2817	8532	4
2032	2031	2
8229	5925	3
5543	3165	3
5532	2460	4
6183	246	4
2170	9973	2
5689	133	2
5402	3160	3
7142	7384	2
2382	8332	2
3009	996	4
2045	114	0
6142	2481	4
191	2358	2
1976	4217	2
2101	10181	2
7125	7124	2
3920	3919	3
515	1423	4
5182	1942	4
1228	4641	1
8249	972	1
2834	1169	1
4731	7607	1
753	9280	4
1425	1836	4
3549	8365	3
10065	11673	3
6859	1127	1
2415	1127	1
11849	3412	3
7536	3118	0
3928	4862	3
3992	10931	1
5521	3432	3
2727	703	0
6261	2367	4
5402	3377	0
7352	10526	4
5116	5390	4
1905	3642	0
4590	3106	3
3951	3878	3
573	6116	0
3463	2313	4
5573	6266	0
7795	7794	3
1549	4208	2
10226	5270	3
483	716	0
5224	395	0
4918	5524	1
984	7925	3
5467	1591	4
3748	309	2
2058	2057	2
5470	2429	3
566	565	4
4933	1127	1
9877	988	4
7879	442	1
2540	10240	3
11732	2880	1
305	6978	2
2466	2465	3
4948	6485	0
3025	3024	1
3284	8576	4
1707	2328	2
11043	11042	3
2037	2689	1
20	1057	0
5441	9591	1
4516	330	4
1058	732	4
11530	420	3
9123	2538	2
5199	4669	4
3557	228	1
1384	5804	4
543	3811	2
7368	3316	1
4010	3853	4
6760	2314	0
5022	9808	4
9701	10982	3
6466	1841	0
1809	5843	2
7559	1680	4
4235	6141	3
3420	3158	4
2276	2275	0
7672	222	4
3631	2885	3
7921	1135	0
3457	4520	4
5936	750	0
1323	6219	0
4584	9456	3
6250	2258	3
6811	3092	4
2814	4095	4
2634	3037	2
1351	6978	2
2497	7569	2
5628	7552	2
3168	5359	0
5676	1755	1
2980	5209	3
2045	2207	0
4095	905	4
3206	932	4
2430	3118	0
1535	11161	4
1065	68	0
67	9392	4
4107	4226	2
6077	6076	3
4672	6043	3
4158	996	0
2031	1195	2
5294	1401	2
6246	5638	2
3066	8590	4
10053	2664	3
5963	6431	4
6453	6452	1
287	1415	0
3117	555	4
4725	1707	4
8766	8765	3
5273	234	0
1857	2450	2
4006	413	4
5818	11021	2
8531	6220	3
7631	4295	4
2349	5006	0
4205	686	4
1393	923	4
5405	516	4
10503	3763	3
2542	985	4
6107	4408	1
7831	6958	4
1384	524	4
3645	312	4
7891	5078	4
7630	3617	4
2003	235	0
861	3155	0
8397	4214	3
5008	2821	0
2474	4598	1
8012	4159	3
5870	1472	4
1101	1100	1
2467	1583	4
5001	568	4
5061	6948	2
2528	3537	0
450	2499	0
3875	7105	2
4252	6843	2
3874	1289	1
2987	2986	1
3883	2758	1
266	265	4
9392	5215	3
7104	6411	4
4998	1249	1
305	6407	2
405	8017	2
243	2135	4
1655	4247	4
8181	1591	4
3146	21	0
2344	3056	2
11341	7729	3
5469	771	3
3552	3551	2
8744	2602	3
1628	1627	0
3429	2972	3
2092	2435	0
2630	10311	3
4168	5559	2
4683	2689	1
7945	3884	0
3953	874	0
3614	7687	1
3659	4558	0
1331	6933	3
744	743	0
156	830	1
4698	3363	4
9613	6831	3
1147	3721	2
4660	8055	4
7051	1402	4
5244	6382	0
222	1313	4
2374	2207	0
5	4	0
1726	4833	3
2022	2021	3
5525	6173	1
8848	4431	3
7074	1523	2
8270	2821	0
3757	3756	3
253	9068	1
2311	5936	0
2298	1757	4
5243	1631	0
3217	6289	2
11967	5844	3
87	86	2
6187	3860	1
2980	7657	1
470	11987	3
2868	8659	2
2144	3774	0
2289	1456	0
102	588	0
6902	5744	0
3096	3525	2
1656	7237	0
6285	1443	0
177	413	4
3317	10277	2
464	814	2
9209	4922	3
2000	2133	2
282	612	3
404	10516	0
4040	1402	4
1728	5744	0
1101	2700	0
1694	947	1
6976	2481	4
5117	868	2
2381	785	0
2512	2511	2
379	42	4
1593	11186	1
2502	3181	4
6911	6760	0
7311	9835	4
1525	1496	2
305	2493	2
789	132	1
4936	2844	0
4887	2655	2
2312	10717	1
10198	5393	1
6814	2110	0
6517	1441	1
4718	6430	3
9220	5198	3
9105	1317	1
2717	7199	3
6973	3860	1
2149	656	2
5916	573	0
10847	407	2
107	106	0
3704	5559	3
7559	9455	3
4166	3673	2
5103	4408	1
3637	2459	2
2716	2080	2
2018	2009	4
6107	9319	3
3799	305	4
5305	3693	0
8855	5670	3
8711	4702	3
11955	8182	3
910	5576	0
2051	143	0
2333	2332	2
10342	6701	3
1629	4937	0
2406	1246	0
7358	2437	1
9439	9438	3
9247	3343	3
5680	1317	1
3040	10507	1
3625	144	0
9905	9904	3
6032	654	0
4796	1279	1
5470	2248	0
3201	8238	3
5195	5194	3
5497	2470	0
5054	1289	1
8786	6051	0
1837	1836	4
11261	5784	2
4074	3428	2
791	2700	0
3992	987	1
4621	2700	0
8122	5284	4
3457	5053	1
2502	8241	4
1983	2092	0
9012	9011	3
111	110	2
701	483	0
870	8904	0
1034	1582	4
7614	3712	3
3147	2140	0
109	4588	2
5371	2237	2
2703	2702	3
4131	6882	0
1086	853	1
1099	5719	2
2271	2714	4
3064	6402	2
828	2342	4
2980	1603	2
6115	1687	3
3874	3873	4
5625	9415	3
8122	2029	1
7868	5554	1
1740	1163	1
11417	1165	3
2279	2305	1
2247	2518	4
529	912	0
5001	414	1
267	1891	4
822	5465	1
286	4200	2
2846	21	0
10177	5991	2
3909	2748	0
4734	2435	0
9969	5547	3
4152	4151	1
587	1456	0
983	21	0
5258	2147	0
11748	9491	3
2124	2123	3
2400	5462	1
124	4085	4
1210	624	0
779	7909	1
1446	7588	2
779	778	4
6110	347	1
9818	10809	3
1809	154	2
3219	554	4
1211	388	4
619	10195	1
4895	2092	0
2661	4677	0
3953	1514	0
205	4095	4
4907	1135	0
4490	287	0
323	7343	0
6290	1982	0
1238	417	4
9444	6869	0
8735	263	1
1142	1181	2
5370	5369	3
844	1487	1
2137	5660	3
513	4520	4
7343	459	0
557	7108	2
3685	737	0
2992	4168	3
2382	2381	0
2601	2663	1
9777	6718	3
5115	5114	3
561	3994	2
11193	4444	1
1300	7361	2
3723	1179	4
1247	461	0
2667	3330	2
2568	1312	2
3152	1400	1
1128	1127	1
160	3316	1
3092	694	1
3343	1913	4
4547	11001	1
6869	277	0
3242	4731	0
2692	429	0
314	7535	1
6348	2001	4
2497	8397	2
2515	11168	3
10633	737	2
287	5530	0
8438	1441	1
4217	1534	4
2342	961	3
6796	192	1
1431	8599	3
5155	5154	3
5805	9989	3
610	10555	4
3216	8090	3
1561	6135	1
6757	4843	4
6471	3323	4
9771	4200	0
8125	2305	1
1113	2140	0
6061	395	0
6388	3932	1
2608	3808	2
9954	3126	2
7106	3176	4
4721	8325	3
2847	2846	0
9991	10493	3
2781	8698	1
10437	1904	0
1453	1179	4
2961	1093	2
434	9334	1
4038	8381	2
3641	5461	2
7334	5455	4
610	2608	2
3629	9272	0
10789	9721	3
9452	1277	1
6050	1962	0
764	9198	2
4043	5292	4
5638	6284	1
2422	2074	0
1756	5078	4
3293	7129	2
10172	5698	2
9444	1752	4
9039	368	2
7129	2207	0
9459	1682	4
1147	312	4
8904	3464	0
1038	2274	4
3163	7607	1
9021	9020	3
3268	3508	1
2438	10970	2
2461	261	4
276	7453	0
9253	10258	1
1966	414	1
2708	2707	2
9377	2153	2
2849	1548	0
862	5007	0
1323	2051	0
5054	2942	4
10497	355	1
10384	1487	1
7004	921	4
5035	11204	3
4595	1526	0
3395	2649	4
2846	5403	0
5466	543	0
1943	4064	2
3381	2649	2
161	4663	1
3331	4998	4
1415	1192	0
795	6731	3
7595	1473	0
7537	1483	2
6506	8610	2
11760	214	2
6183	414	1
374	2110	0
232	231	0
4713	441	4
2169	744	0
216	11019	1
4327	5314	4
1087	5044	2
2564	4418	2
1842	2275	3
2807	412	1
11734	4714	3
6421	1059	0
4734	421	4
205	4937	3
4305	152	2
8408	11980	3
3137	1278	0
4474	947	1
2004	302	1
12	141	1
10068	10067	3
11592	7663	3
2865	809	0
1871	2842	2
4773	1924	2
5884	5883	3
8880	10970	3
2411	934	2
1231	7168	4
42	11957	3
3479	3478	4
5237	4895	0
4082	9602	2
3291	85	3
2486	11256	1
4969	4968	3
2641	7359	1
3614	4941	2
488	5920	4
9578	9577	3
4793	6838	3
2182	729	3
6979	5355	3
1499	5006	0
6531	6530	1
3111	1909	3
232	3464	0
3152	9622	1
5502	176	2
5214	5213	3
4276	5107	0
5732	1133	2
1427	1404	2
156	5053	1
4409	4776	1
3935	911	3
4461	7068	3
2425	494	1
4907	2829	2
9660	3203	2
4085	8620	4
2571	1692	4
6769	5317	2
5311	1836	4
567	4145	1
6517	3990	3
7429	4951	3
1287	390	4
4189	6969	3
1038	2839	4
245	743	4
7347	4742	2
8709	1317	1
396	8764	1
4612	1037	2
10516	11476	3
1183	513	2
9058	5432	0
6490	2312	2
706	6024	2
3782	8772	3
2708	3717	1
6586	1243	1
11378	11140	3
2927	2926	4
3023	246	2
6572	1008	4
4129	10420	3
8562	3615	1
5423	5422	2
2041	8389	3
3696	2584	1
750	730	0
181	1060	0
8869	3382	1
1019	10238	0
2748	2747	2
1141	1555	1
3939	4578	1
2147	5636	2
912	3888	0
8230	5096	3
2558	2557	4
867	945	3
2519	10270	4
6726	388	4
3009	8193	1
2049	2928	3
6891	2165	1
10723	2689	1
657	10899	3
4841	2200	4
5801	2787	2
3539	2334	1
3905	21	0
152	1627	3
887	6106	1
4096	1234	4
2502	3180	1
2299	395	4
6919	11471	3
9941	1898	1
5658	5636	3
4528	398	2
3380	11419	3
6454	5931	0
11308	132	1
727	1935	1
2821	1245	4
10952	2735	0
6441	5368	0
5977	487	2
11711	1093	3
225	4453	1
1325	5037	0
2360	3076	1
5199	1047	4
4434	2818	0
7901	2334	1
1397	10748	3
3478	1058	4
717	2550	1
91	5869	1
11851	7422	3
4168	602	4
3823	3822	1
7604	7603	1
3479	4713	4
1851	4000	2
133	3879	4
11450	9586	3
2707	5911	1
6285	461	0
2809	410	4
5612	2437	1
922	4847	4
7237	1068	0
9116	5586	3
733	3268	4
5769	4618	4
4761	4725	3
6700	2005	2
5968	3342	4
5196	912	0
7888	660	4
4522	10896	1
3365	3035	1
8030	5641	0
6121	11302	0
396	5227	4
8493	8913	2
10293	1340	2
9945	9944	3
9449	7872	3
1119	1118	2
4781	876	4
1652	4634	2
769	5471	1
8589	1670	1
3043	4451	3
453	452	1
2004	4141	2
8092	8739	3
3956	5993	3
3080	1409	0
1427	2062	4
11693	8082	3
2673	2430	4
2092	487	2
10489	6913	1
305	6418	2
3591	2127	2
3137	247	4
997	996	2
1383	523	1
2682	2681	2
5989	11334	3
373	8610	2
4726	3333	4
8213	814	3
2549	317	2
8514	3673	2
905	8261	4
7051	5554	1
2272	1008	4
592	2693	2
3448	5790	2
2275	3085	0
3113	7930	2
6643	9616	0
5083	2221	0
9517	4127	4
2569	2343	1
2555	1179	4
8400	4127	2
778	4098	4
4217	1038	4
3034	748	2
3339	454	1
2979	3239	0
1432	985	4
4847	4564	2
6086	1119	4
556	9820	2
1943	1856	4
8421	2507	3
10204	838	3
3094	8142	4
808	555	0
8313	11144	3
1574	11729	3
6591	4127	4
8283	1167	4
1082	3790	1
6792	8071	3
3047	573	0
3798	2453	4
6972	4150	3
3614	6	1
503	9232	1
1952	4742	2
3812	1815	2
3621	2430	4
1192	1572	3
10607	1787	3
3673	3359	1
3457	2942	4
4941	1719	1
3863	3437	2
11229	5956	3
6110	555	0
8692	2965	2
7440	2272	2
3755	1597	0
9532	9634	3
6319	996	4
2027	4734	0
3068	371	2
4168	8207	0
9262	1996	1
1008	2629	4
4538	215	4
3748	2821	0
6553	9360	3
2452	2367	4
5653	818	2
3704	7708	2
526	525	4
4201	2735	0
6399	4873	4
1583	1582	4
11027	5426	3
6193	7676	1
8776	8471	3
486	3375	4
7186	4780	4
1594	1210	4
7216	11509	1
1541	6495	1
4546	1000	2
1288	465	2
4189	2343	1
4511	3932	1
1701	7692	0
9870	9869	3
1171	933	2
8281	1727	0
4165	4776	1
2003	331	0
10163	10162	3
5430	10056	3
3960	6747	1
4873	845	4
1037	1245	4
4248	1195	2
279	89	1
191	3297	2
669	4937	0
5858	3120	0
7432	6760	4
4410	4650	1
6218	2198	3
10092	5710	3
2032	10910	2
9723	4860	2
2209	202	3
764	67	4
4520	9274	3
450	7029	0
5584	8851	3
3218	5159	2
10453	5347	3
10859	2207	0
4124	9874	4
10329	1972	2
5196	3884	0
773	5064	3
2384	2459	2
7204	7203	3
2920	4847	2
7720	3029	0
270	5854	4
10124	2879	0
3798	5730	1
6319	3231	0
8479	395	4
4539	2045	3
5283	2600	4
126	1834	0
10185	6050	3
2054	947	1
8355	2150	0
3250	1487	1
6133	2926	4
602	601	4
2700	143	0
2036	4471	2
1453	3869	0
9322	3398	1
1943	8701	2
2080	1683	3
2795	8934	1
894	1015	0
1088	5141	4
3130	5638	2
4759	2789	2
379	5438	3
8494	5309	3
6598	2512	2
208	207	0
4286	4959	1
5783	21	0
925	2292	2
4522	2118	3
3670	3393	2
4013	296	4
5811	296	4
2567	1840	0
232	1409	0
3630	2324	3
2071	2313	4
4679	3337	2
6595	4686	0
6655	8162	3
1216	11262	3
9242	2990	0
10331	11381	1
6246	2170	3
31	71	2
3321	7583	2
2345	326	0
4601	1169	1
5592	2612	0
5237	2671	0
2382	3642	0
5845	3400	2
7804	437	2
625	2600	2
8532	1898	1
7618	1834	0
2272	486	4
5467	305	4
33	2136	4
6437	3755	4
5860	5859	2
7473	1497	3
2136	2402	4
4240	10517	3
6051	7628	3
2817	7415	2
8423	2692	3
8251	5856	4
1708	5292	4
171	1707	4
5256	8606	3
1270	305	4
1152	402	0
9123	5905	2
2981	2168	4
6337	228	1
3421	7464	1
996	3795	4
828	222	4
687	844	2
3911	2992	0
2100	1407	1
305	304	2
8963	2353	4
744	4587	4
6650	4915	3
520	231	3
3828	1220	0
1037	2610	2
371	2309	0
4400	5854	4
1582	525	4
1728	1384	0
6036	402	0
2825	972	1
2398	7573	2
4995	7961	1
1339	7026	2
161	1432	4
6692	1407	1
733	732	4
5025	598	2
2274	9090	1
1508	4232	2
4893	8449	3
7440	1040	4
7707	7706	1
3749	59	4
3967	1526	0
9849	7961	1
6769	750	2
2221	5931	0
760	2497	2
7395	4716	3
2591	5804	4
3567	1364	2
11769	11768	3
520	2259	1
8583	8582	3
364	5310	4
1742	2168	4
366	4661	3
967	4067	3
6224	9251	4
4507	2015	1
872	3213	2
8468	2135	4
2101	4612	2
563	5022	4
2817	8949	4
3331	2635	4
486	3081	2
194	2768	2
6029	6187	2
96	4175	1
7877	8826	3
7352	1550	4
8422	431	3
8479	5565	3
226	2230	2
4070	6685	0
1629	6354	0
5470	6925	0
822	6304	4
7029	6382	0
503	7260	4
11553	1949	3
356	519	1
7804	987	1
9969	8259	4
3132	5053	1
7499	5545	4
3204	2311	0
5036	1243	1
3078	5314	0
3219	3126	4
374	373	0
9226	2735	0
4013	750	4
1062	1061	2
7609	7608	3
737	2071	2
2348	87	2
3966	705	3
1835	9226	0
2822	2821	0
3808	1592	0
1401	8568	1
10907	2883	3
8646	6131	0
1052	3274	1
4520	5053	1
11702	11701	3
1438	5043	3
682	7073	1
9374	4340	3
325	321	4
9370	4105	3
596	595	4
4342	2	0
9524	1409	0
5584	4274	4
3155	1690	0
10676	2707	4
6907	2092	0
3851	4165	3
2900	10065	0
477	3759	2
2303	395	4
5527	9317	3
2817	4578	1
3993	4718	2
104	2756	0
3318	855	4
6142	5553	4
487	947	1
5378	6155	1
3680	1060	0
3166	6824	0
1174	697	0
3689	2689	1
4951	192	1
2641	4408	1
761	1317	1
11663	6313	3
1868	1867	1
117	1485	2
7041	2265	4
4265	626	3
3612	3704	2
7791	2973	3
1371	1882	2
870	9242	0
861	5007	0
4059	1178	1
1097	1254	0
3420	10059	1
10587	10586	3
5748	4674	0
7611	7610	3
1913	7933	4
3325	2055	2
6634	791	0
10140	10372	3
5408	4048	1
1726	4581	4
5982	4512	0
245	244	2
598	1669	2
11010	6449	2
4410	2334	1
8131	1224	0
2135	9623	4
482	7120	1
70	4584	2
7195	7194	3
2152	987	1
11032	8202	3
3463	907	4
738	1902	2
2062	269	1
8181	7657	1
10533	10532	1
8261	10946	3
5493	9386	1
10182	2551	3
1510	694	1
5083	5616	0
6661	197	2
3130	4	4
3292	2957	4
4513	7077	3
9182	11464	3
5327	2338	1
2	785	0
2151	2150	3
1763	20	0
3697	1920	2
4580	3899	4
1456	4651	1
1372	7129	0
3535	6723	1
5405	2655	2
2781	1169	1
1013	3093	4
1866	1064	2
1457	5054	2
144	6220	0
6850	6544	2
1717	3927	2
325	6728	4
5494	5493	3
5022	1384	4
488	1001	4
2292	3163	2
3709	3708	3
2673	566	2
326	3438	1
3720	3883	0
322	2248	0
10181	1648	0
3939	4785	1
352	1110	0
1021	4460	0
8363	3037	2
4286	414	1
126	6489	0
4170	3499	4
5977	3133	2
737	1751	4
588	320	1
1455	1454	3
5912	1132	4
288	351	0
2363	5061	2
4726	1707	4
5888	320	1
3281	5378	2
390	389	2
5387	905	4
2972	2554	2
914	7299	3
2113	756	3
1741	1740	2
608	607	1
7179	4341	2
4131	10274	3
7983	1494	4
6743	7264	2
11949	11118	3
10443	7904	3
2059	5790	0
9620	5740	3
11813	11001	1
5573	2389	0
1126	1125	2
427	426	0
1591	1590	3
1300	11364	2
921	47	4
2414	10316	2
3637	1370	0
5334	5375	3
1990	2082	0
5032	2752	1
9226	9225	3
6986	2238	3
522	5532	3
2374	2373	0
3566	1287	4
5717	16	3
8963	459	0
8247	2343	1
3767	100	1
6425	6424	3
1065	4512	0
448	2036	2
397	539	4
3090	2208	0
3967	2309	0
1916	1915	2
8987	3911	2
223	2005	3
1375	1166	4
1300	1299	2
5148	6041	3
1832	6151	0
2923	2922	2
7118	7117	3
183	1937	0
1388	7179	2
7440	5352	1
441	3712	4
2519	66	1
6289	2127	2
1401	1400	1
2450	1378	4
9719	1856	4
4261	4260	2
6555	402	0
5110	1163	1
2558	2168	4
493	2092	0
1261	11263	3
411	4085	4
6507	9864	3
1397	651	1
415	414	1
13	3645	4
11982	7948	3
4889	9738	1
7200	2333	2
3009	207	2
846	1404	2
5433	6352	3
7743	7742	3
5736	3986	1
4456	21	0
8160	3864	2
2990	2989	0
1520	8672	2
3241	2666	4
5208	10984	3
11184	1867	1
3984	6284	1
10039	7100	3
4826	2758	1
5379	3815	2
6009	655	0
9075	9074	3
5526	6044	2
486	3840	2
2957	2329	1
1296	4841	0
4574	5381	1
4097	5284	2
2190	8154	3
7729	1937	0
1723	10004	4
8986	819	1
5580	5579	3
1445	215	2
2789	3457	2
647	1038	4
8662	3525	3
10475	8923	3
3720	785	0
2445	313	4
3856	1001	4
11977	1526	0
10633	5751	1
2462	261	4
1859	2641	2
238	2224	2
2776	2618	2
2467	5107	0
3702	4268	0
760	686	4
1510	9929	0
3420	8574	3
7186	876	4
1926	1925	4
8283	2343	1
3153	3355	2
8787	454	1
1055	2629	4
1622	1926	4
3845	5816	2
1210	3819	4
4272	2402	0
5957	7598	2
1631	3047	0
3591	750	2
4546	68	4
2415	1719	1
1871	4626	2
3303	4984	1
1967	6495	1
1943	2305	1
9971	4218	2
8480	10636	2
8387	6533	1
7916	4776	1
942	3426	0
5635	2343	1
4405	1867	1
3470	463	2
784	447	1
5515	1088	4
2218	2217	3
2303	2954	1
1047	3064	2
873	67	2
7264	1669	4
548	7013	4
1303	3850	2
1793	1792	1
3553	20	0
7091	8975	3
4618	8443	2
3778	9495	0
2481	5777	4
11952	9750	3
5780	6727	1
6448	568	4
1183	1182	0
8458	2367	4
11630	11629	3
1913	7718	1
3888	785	0
9269	7776	3
2770	2219	4
5647	9180	1
5576	8410	2
709	4665	4
448	8480	2
3612	2753	2
4310	6970	3
2746	3137	2
5765	2415	3
542	3128	3
1881	153	0
5553	3693	2
906	967	2
3630	5626	2
3663	5720	3
1118	2127	0
4327	1138	4
5788	2168	4
1238	10644	2
2068	192	1
738	4081	2
4634	6350	3
3223	1487	1
6029	744	0
10086	486	4
4378	8702	3
3471	3470	2
4895	1659	0
2874	799	1
3025	1100	1
5390	9135	1
10484	3927	4
4739	9300	3
11539	10674	3
5227	1850	3
4250	3093	2
4436	2919	3
4333	5387	4
10168	30	3
5766	1916	4
4090	2927	2
1575	2815	1
3616	4200	3
395	857	4
677	1834	0
47	744	4
4	1487	1
5938	5937	3
4171	6252	0
1774	2245	2
8275	5870	4
4971	7517	0
4828	6418	2
10329	11318	3
1616	9444	4
1689	447	1
3177	6325	3
4070	6032	0
4670	3092	4
6161	3420	4
4281	4280	3
4549	11911	2
7015	1847	4
5080	9024	3
3335	7168	4
4493	4492	3
989	134	1
7358	11490	1
2407	3395	2
3827	133	4
8287	6678	3
5732	3693	2
360	486	4
5725	1441	1
7246	5293	2
4848	892	4
1018	1135	0
2890	2752	1
7605	4095	4
68	744	0
744	2597	0
979	7493	0
3840	3839	3
499	82	2
4768	5108	1
8498	1443	0
9341	9340	3
3221	10793	1
7200	4865	2
2570	7097	4
6811	1362	4
2072	1415	0
321	4932	2
2465	3347	4
3600	132	1
7427	6362	0
764	7475	2
6563	4217	2
5886	2274	3
702	2829	2
9874	6547	1
7794	5558	1
2191	6110	2
1973	1972	4
567	6744	4
1946	1004	4
286	6958	2
3953	5574	0
3905	3904	4
1881	4265	4
6441	12	0
1444	1443	0
176	11191	3
10657	8591	3
1397	1971	2
9736	11423	3
2648	2647	3
1655	2054	2
10322	6666	3
3751	1552	0
3224	503	4
2024	6580	3
2808	1092	4
5384	3287	3
5682	2533	3
6997	662	3
2267	1385	4
4432	402	0
10622	1555	1
9602	679	4
6355	4512	0
4297	3870	2
1205	5925	2
6247	791	0
10881	10880	3
55	7866	3
4249	5402	4
2695	6381	2
4095	6988	4
2924	11206	3
1534	2839	4
710	9383	2
5357	5356	3
3629	2896	0
3624	20	3
658	5530	0
3617	1867	1
655	654	0
6238	1058	4
11399	1456	3
7026	3808	2
3673	3672	2
62	3761	2
5402	7420	0
743	1037	4
5957	3169	2
4534	1371	2
73	132	1
6137	1246	0
5491	9681	3
3883	1905	0
1474	6793	1
4264	5552	1
1708	8516	4
2434	2475	2
1053	1052	0
6393	3761	2
8517	2671	0
1818	6929	1
4804	5336	3
4455	89	1
5515	1043	2
4587	6838	4
2911	7974	2
6189	3243	2
2726	1111	0
4350	192	1
2005	302	1
1170	9503	3
12	566	2
2922	8410	2
2426	732	4
640	6044	2
2219	222	4
1339	3194	2
10054	872	2
3761	7829	2
6872	1494	4
5351	5350	1
243	242	3
3168	7856	2
4564	4253	4
948	947	1
6138	644	0
3857	5554	1
3137	1278	0
6874	11544	2
9971	3259	3
5172	6747	1
1765	1766	2
9770	10298	2
8185	2311	0
7924	8098	3
5998	10827	3
112	4429	1
9768	1425	2
275	95	1
1372	6304	4
9617	834	4
10108	10350	3
1167	1166	4
8041	5078	4
488	4669	4
10405	2689	1
1815	6906	2
314	8901	1
11415	4608	3
11934	7304	3
513	8036	2
7263	7262	3
8969	3508	1
1014	947	1
10090	9158	3
5069	2817	2
1659	3438	1
1948	1947	3
2981	247	4
4286	5029	3
3152	3151	3
1442	1441	1
1339	2786	2
1204	1243	1
7200	238	2
4021	2991	2
3082	6866	2
2699	2698	1
5868	2892	2
503	3179	1
6319	4898	2
587	1456	0
7618	6489	0
4767	4766	3
5275	1158	3
5770	5769	3
8259	4065	3
3194	2992	0
4925	7309	4
780	2236	1
5618	9242	0
8713	1555	1
5630	2600	4
8720	2818	0
1694	2629	4
8649	10242	3
5308	7024	4
2878	1840	0
9588	3040	4
3416	6364	2
3153	3900	4
920	2543	2
9108	4798	1
11113	8212	3
1473	9948	3
1593	7318	2
13	2789	2
3928	3875	2
4507	1670	1
4212	935	2
433	1243	1
2013	4356	4
3987	3024	1
4921	1015	2
2570	329	4
307	89	1
4326	3508	1
3139	688	3
1052	1547	2
11496	7110	3
8692	3747	1
2610	2149	2
1523	1044	1
5037	10219	3
3047	2844	0
2861	575	3
5061	2398	2
2396	8345	2
8298	2671	0
662	283	1
3602	8053	3
1839	6	1
7944	2630	2
4129	5134	1
876	2767	4
2110	5459	0
311	8099	0
2404	1053	0
5293	5292	2
2935	3776	0
365	6976	4
5367	3014	3
6995	5612	4
1583	3172	0
4674	3097	1
9121	7491	3
5296	1243	1
2859	2858	3
3365	11427	1
1937	1723	3
80	1487	1
7894	228	1
6626	1867	1
1104	1526	0
1141	59	4
4314	4406	2
5472	607	1
310	4064	0
6025	6609	3
629	8755	2
2491	3945	3
3037	4958	2
3055	2599	3
1186	447	1
1967	8179	4
1802	3153	0
373	345	1
730	8664	1
3759	3758	3
4609	5078	4
10407	1052	0
3034	3033	2
1058	2627	4
8896	8635	1
3227	4085	4
5899	3753	3
4673	2334	1
2727	9660	3
3293	2459	2
8442	5790	0
2344	3423	4
2157	6454	0
4164	3569	2
2726	5616	0
567	439	1
6948	6153	2
7125	2314	0
5987	1443	0
2932	2659	3
8363	10711	3
176	8055	4
3422	4513	2
7721	2541	0
4297	527	2
595	1803	0
2645	1757	4
1122	4859	3
531	2168	2
596	2052	0
1634	7097	4
7716	21	0
6514	5859	3
10014	10013	3
366	1503	0
2117	2788	0
8789	3860	1
4839	7370	2
5515	4045	2
2660	2418	2
3708	4824	1
5455	2472	1
2738	2157	0
10669	7010	0
3761	3808	2
6749	4749	3
3616	373	0
2136	161	4
2680	413	4
165	5175	2
9198	3749	2
1939	2234	4
4657	315	0
8720	5007	0
2195	5503	1
7454	3394	2
6531	6779	0
2879	1656	0
2017	6364	2
1043	1042	2
9246	2140	0
8771	10726	3
8861	3337	4
4781	62	4
1408	1089	4
789	8354	4
1085	2405	1
238	3057	2
8876	8875	3
1480	1479	4
1109	1108	3
9251	10422	1
321	6676	2
6039	3426	0
398	1162	2
364	3363	4
1554	3697	2
8327	9181	1
5928	1707	4
51	2789	2
3023	7003	3
4698	6929	1
10449	1908	3
4839	9610	3
5912	3974	4
2136	2472	1
6717	2818	0
3832	9917	0
6714	1079	0
2418	6375	2
6479	6478	3
9664	947	1
2290	11160	2
9422	8366	3
1442	363	1
7662	7661	3
3721	9364	1
1512	5432	0
2229	8192	1
3469	4645	0
1972	7463	4
3246	6030	2
8758	7228	3
3448	448	2
1432	1904	0
426	7775	0
739	2136	4
2206	1727	0
1725	10403	3
7020	2381	3
37	985	4
4520	5690	1
3948	4868	2
1066	215	0
3279	2992	4
2167	3309	1
1211	5939	3
6464	6518	0
7156	6220	0
4634	4408	1
3307	1719	1
3109	7440	2
1099	3437	2
3335	1389	1
2873	2219	4
4324	3172	2
2693	4293	4
7649	7648	3
1957	8747	3
2587	7426	3
8576	9364	1
2868	846	2
1471	1470	3
3046	4913	0
4172	3390	3
405	5119	2
11102	2842	3
1013	1479	3
1034	4202	2
557	4994	2
11770	11954	3
10385	287	0
1359	5962	1
2232	1397	2
1205	2022	2
4243	9983	1
4741	4740	3
10536	10535	3
4907	1506	3
5449	1393	0
1059	573	0
564	6324	1
1971	4715	1
9952	5784	2
1299	1849	0
6235	9412	3
2630	388	4
6557	1388	3
379	2862	4
6907	11064	1
10093	9817	1
569	4239	0
1946	269	1
2367	1378	4
2715	2689	1
57	56	1
2998	5451	0
8281	8280	3
5982	2753	2
9900	2689	1
1225	9271	4
4111	250	2
6056	6055	3
6843	3737	2
2846	746	0
3054	1806	3
8342	9690	1
2367	2488	4
5283	3682	3
7243	7242	1
9830	11186	1
4826	2880	1
4107	328	2
565	6490	4
717	2031	2
3003	1148	2
10348	1362	4
1393	4868	0
4171	5935	0
563	7342	4
176	3837	4
4538	7867	1
608	947	1
2013	24	4
1960	6454	0
1725	1724	1
2738	420	0
3901	3337	2
2513	476	2
5635	1167	4
3317	3241	2
125	124	4
9461	8069	3
4006	3448	2
3825	379	2
1541	5360	2
351	1059	0
7129	3566	0
6781	11598	3
7682	11486	3
1789	9137	3
10926	1655	3
7000	5555	3
2470	10	0
5061	873	3
4131	588	0
3941	669	0
7415	3238	2
5719	5408	3
2630	947	1
463	2400	2
3549	9042	2
5882	11120	3
6348	2848	4
3116	8324	0
1425	5310	4
1545	1234	4
7342	1058	4
10326	8871	3
2004	1300	2
3825	2600	2
8545	791	0
5769	3199	4
4456	21	0
4432	4431	0
20	1133	2
805	412	1
2367	5545	4
3662	7191	3
650	2756	3
2884	7756	3
4822	6509	4
4031	4030	0
8259	4486	1
6984	2022	4
7433	7432	3
5330	6153	2
3424	2228	3
1303	21	2
374	1083	0
3842	8818	1
6692	2384	4
19	2136	2
11150	3994	4
2841	2840	4
3375	5044	4
6302	2848	4
8837	2334	1
9650	1277	1
8355	2007	3
9900	228	1
2561	4024	2
2553	5034	3
5819	8897	3
6354	703	0
3631	186	1
3469	1052	0
1675	7619	3
7114	1086	3
6402	3217	2
7305	5967	2
6401	1319	0
4131	5086	0
5699	5698	2
3320	10994	3
5245	3795	3
2291	3333	4
3243	3242	2
4878	2737	3
584	3300	2
2841	3348	3
543	56	1
3869	2741	0
3812	8549	4
887	2880	1
745	743	0
4871	660	0
167	1136	0
2566	1238	4
3633	1719	1
3656	5744	0
5368	2943	3
2310	2309	0
3720	2853	0
739	3023	4
5759	539	4
6505	3566	0
697	2169	0
5474	9741	3
4693	6976	4
789	7690	4
1070	6153	2
751	4376	4
933	1339	2
2013	11385	1
8913	8912	3
4084	4083	3
4380	1169	1
1857	1856	4
2549	243	2
296	698	1
3093	7148	2
2	1163	1
6153	3422	4
4871	1496	2
5777	1882	4
6716	2169	0
4938	320	1
8055	3333	4
1340	3911	2
737	6359	2
685	2707	2
1079	3914	2
2289	5744	0
4247	1907	4
1713	1712	2
3242	5897	0
629	628	3
1524	177	2
46	1479	4
662	1283	1
2611	526	3
5928	3423	4
6692	1088	4
2242	6091	2
4424	192	1
8277	2173	0
235	420	0
513	2305	1
2854	2853	0
1881	8540	1
4847	5527	4
10333	3678	3
6229	2169	0
7681	7680	3
4413	4412	3
1680	2132	1
3420	3134	1
3702	3701	0
3327	2629	4
935	4305	2
4697	2132	1
2997	2992	4
8573	7044	3
2230	2229	4
7736	8540	1
1099	11462	1
9798	2689	1
643	2388	4
8800	179	3
2875	2874	4
7318	9357	3
3363	717	4
4327	4824	1
5270	1524	2
158	6743	4
270	269	1
3047	1059	0
223	2132	1
1494	1414	2
6052	4027	0
3507	580	1
545	100	1
47	483	4
3107	2519	4
5305	10528	1
1385	1134	1
2990	287	0
243	366	2
8126	8695	1
591	67	2
601	8044	1
1245	4759	2
1576	1575	4
9892	574	3
10098	2167	4
3637	2220	2
7351	7350	3
9841	9840	3
3417	10801	1
4432	2109	0
4978	931	3
3437	925	2
4742	5525	2
9941	3610	3
5103	9859	2
7938	7937	1
3254	6425	0
608	743	0
3596	1056	2
1253	1252	0
117	263	1
124	4645	3
5388	5387	2
8449	1553	0
6318	1154	3
6177	6284	1
3102	1729	4
2757	395	4
687	2926	4
7284	972	1
3300	1099	2
5038	2527	0
1951	6372	3
3416	2468	4
2207	1856	4
2631	1170	4
4490	10233	0
5282	547	3
3883	2853	0
361	2519	4
1097	553	3
719	11194	1
8414	2001	4
2275	232	0
4104	447	1
610	609	4
600	8556	2
2171	3130	4
11726	8328	3
3213	753	2
4847	2314	2
6907	2435	0
7066	7065	3
8458	1680	4
13	9103	4
331	5858	0
2746	1971	2
878	186	1
314	4152	0
6765	2994	1
2105	4925	2
1014	4089	0
733	3745	4
1891	5460	4
6886	6885	3
1385	2707	4
9191	1246	0
2245	4473	2
1645	8535	3
7029	449	0
4954	9932	3
2136	4663	1
2460	7430	3
3573	2877	0
6579	3377	0
8125	5339	1
3795	3130	4
3148	1516	2
744	2136	4
2824	2823	3
874	5574	0
3108	3643	4
1119	2375	1
935	86	2
5140	5139	3
3707	3706	3
7347	879	1
3198	1170	4
4980	4444	1
499	498	1
4107	3040	0
2520	3440	3
3033	11238	1
2019	60	3
1547	2452	4
7420	10043	3
4357	7127	4
1684	1362	4
7548	2334	1
2014	1867	1
2067	3119	3
1984	8616	3
8055	10894	3
5182	5181	4
5707	5706	3
4822	909	1
11146	998	3
1679	539	4
1022	9721	0
823	732	4
7593	1591	2
5235	7285	3
838	853	1
11096	11095	3
881	2529	2
1698	3405	0
4571	1053	0
563	2229	4
6685	6032	0
2671	4589	0
2312	3118	0
3613	4136	2
245	3097	1
2892	6676	2
2365	261	4
1770	5078	4
11589	2525	3
5504	2343	1
1474	1497	4
1639	7443	0
8131	3880	0
857	4798	1
9086	2689	1
3427	4252	0
2700	6219	0
6263	8749	0
1702	3812	4
4140	4139	3
7828	320	1
11463	6560	3
1351	4778	2
892	7675	3
1841	1067	0
1191	960	3
3831	3537	0
2376	2375	1
5963	2925	4
7427	5316	3
1371	591	2
7880	3533	2
10978	690	3
4262	5417	2
4249	1728	4
475	3585	2
11067	6918	3
7133	3232	2
985	2542	4
3856	8854	4
737	722	4
3204	858	4
7605	3062	1
4334	4333	0
1976	320	1
9241	1755	1
1265	9908	1
3850	2841	2
1055	388	4
7202	7201	3
4742	3549	2
5343	8792	3
5314	8100	1
42	797	2
246	5240	3
2001	8833	2
6230	6229	3
4090	10225	1
4534	1310	2
2265	9923	1
3685	741	1
5149	1243	1
11483	11482	3
8663	11436	3
5461	4217	2
1016	1015	0
2026	3309	1
3331	1402	4
8020	2990	0
3704	5426	2
5242	5219	3
3066	566	4
1685	3513	1
11757	1508	3
3861	1609	4
2872	4572	2
3994	750	0
65	64	1
4119	811	4
264	4486	1
1547	1680	4
10857	8505	3
30	158	2
8904	5530	0
2593	1433	4
3459	422	0
8005	2042	1
5326	4259	3
3795	701	2
2593	2592	4
1069	1490	1
332	4772	0
6708	2326	2
8649	1225	4
3642	976	1
1550	124	4
1252	5037	0
387	1167	4
5156	263	1
1467	486	2
1199	5545	4
1472	5982	4
4491	4576	1
10335	10334	3
2043	2042	1
1318	1317	1
4720	4719	3
4579	359	1
3684	3395	4
716	1441	1
5160	2079	1
2247	1963	4
2693	153	0
10268	6676	3
8535	8460	1
695	3700	1
2083	2082	0
1523	5882	2
1627	4200	0
2461	2697	1
4699	1084	1
6292	2201	4
1379	595	2
404	5763	0
9680	776	1
464	8181	3
1534	4956	2
6984	5667	2
3603	470	0
10747	1378	4
5360	3334	4
4987	1867	1
11478	11477	3
3527	7015	4
5083	2727	0
6375	6326	2
6102	1001	4
1217	336	0
352	2788	0
10390	1487	1
4067	4066	1
8468	1456	0
7908	2353	2
5784	447	1
9052	330	3
6994	9362	1
7698	7697	3
4058	6922	1
151	3641	2
5592	331	0
2892	2549	2
8029	3912	3
7879	4127	4
3612	1088	4
1775	5131	3
2746	6497	2
7660	7659	3
4461	4460	0
254	5117	2
11677	1920	3
1227	2689	1
7415	3153	2
3850	947	1
3558	2004	4
266	6533	1
8054	9714	3
5395	6975	4
5341	2105	4
3278	2992	4
717	716	2
2805	1499	3
497	1701	3
9343	2566	3
3009	1001	4
2874	4294	1
7167	10418	1
364	1737	3
253	3532	1
5672	1378	4
2374	9915	0
4040	2135	4
2985	3188	0
4404	247	4
2564	1441	1
2868	3704	2
419	6704	3
1624	1403	4
9625	6213	3
6923	378	2
4278	5616	0
779	5553	4
4045	1178	1
3394	1557	3
1918	4898	0
3755	1719	1
6084	3570	1
462	2554	4
380	6001	2
9845	2697	1
10399	285	3
342	1210	0
3333	3180	1
311	3401	0
1370	8223	1
4201	4200	0
2299	9364	1
750	296	4
978	132	1
6100	216	2
1392	6891	3
3292	853	1
11127	7775	0
3067	190	4
4296	9908	1
2706	853	1
3255	7957	0
4765	3282	3
3671	1167	4
7229	3118	0
1456	5744	0
7229	461	0
1977	1057	3
3243	437	2
3506	5159	2
1210	1724	1
9037	10724	2
2102	3213	2
6509	7297	2
5120	5559	2
129	2388	4
2673	1246	0
5459	3114	1
10893	2468	0
1781	6294	4
2396	2834	2
8629	5154	2
1004	2688	3
10317	10316	3
9719	3222	1
557	556	2
3776	8908	3
5785	4512	0
1837	1441	1
2099	3331	2
4224	7318	2
8059	5854	4
695	694	1
3224	3111	4
760	2234	4
3067	312	4
1815	1814	3
292	291	3
562	24	2
625	624	0
7234	7233	3
4194	5936	0
8692	8027	2
7216	3057	3
6388	2132	1
4246	8920	3
689	9556	3
1766	5961	0
4400	414	1
7578	5812	0
1895	2132	1
700	699	1
3188	1274	0
5227	736	1
1530	1132	4
5982	1849	0
1689	679	4
398	397	2
9313	3884	0
4232	2752	1
4729	9291	3
407	2568	4
2126	5318	1
8222	10158	3
1480	5092	4
6787	3760	2
5273	4139	0
8492	2606	4
2044	2003	0
2668	234	0
5825	7012	2
10631	2663	1
6685	654	0
1105	9265	1
6107	539	4
2754	5115	2
543	7824	2
7264	5144	4
3924	3492	3
9641	9962	1
2724	4783	1
10046	4360	3
1866	1555	1
5912	1719	1
8691	11721	3
2892	5330	0
6102	4669	4
1509	124	4
4252	1904	0
7421	5060	4
5063	1487	1
2911	10132	3
11728	659	3
6978	629	2
6957	2338	1
2481	6383	4
2756	322	0
7612	2800	3
738	3023	4
2727	2726	0
110	4395	3
1545	1544	4
2291	1372	2
2198	2877	0
5388	1052	0
9428	5734	1
3270	1243	1
8964	7443	0
2649	6173	1
2573	3105	3
1500	5006	0
3426	1052	0
90	89	1
1983	1982	0
1019	828	3
553	2848	4
4273	2169	0
10246	4658	0
3953	2389	0
11422	9172	0
8196	3278	4
1297	1296	3
7879	2397	1
4621	2207	0
8277	6712	1
4759	4030	2
8422	3596	4
7161	11469	1
8779	8778	3
5169	1652	2
351	8704	0
9330	2782	4
1263	2266	2
2693	395	4
3052	3051	3
6289	2660	2
7493	7492	0
5917	2516	3
168	798	2
1089	512	2
4138	413	4
8473	4826	3
2306	2305	1
4697	6388	0
9767	972	1
3543	7259	2
1652	4865	2
267	433	4
3056	11034	1
6437	6743	4
822	2000	2
1545	3062	1
4772	5215	0
117	7730	1
3204	1246	0
3810	2673	3
331	1412	3
1034	1583	4
2170	2136	4
1395	4682	3
935	2838	2
1990	5723	0
9774	9392	2
6572	1891	4
6100	245	2
1287	1640	4
8345	4149	1
1515	874	0
6421	8904	0
9691	2689	1
3056	2839	4
8755	59	4
4764	9608	3
1520	3300	2
1078	2890	2
1203	5783	3
1908	1907	4
650	7721	0
4364	2815	1
11925	9594	0
4021	8456	2
5070	4260	2
717	4831	2
808	5281	1
1644	4921	2
7465	2059	2
2289	1135	0
2157	5083	0
7585	1654	0
4828	5645	2
5982	1408	2
10831	6616	3
1262	3684	2
50	1510	0
7605	7676	1
5573	1203	0
4364	6452	1
4239	3571	0
7700	486	4
3236	3235	3
798	5821	1
5353	5352	1
4812	6130	1
1278	7338	1
2229	4391	1
1566	1565	3
6061	10525	1
2612	3048	0
2484	6507	2
9507	9506	3
2636	192	1
3671	1357	2
4030	8630	3
5311	5310	4
1291	1786	0
2557	1822	0
9917	6110	3
5980	1540	4
1324	3047	0
5390	2649	4
11916	8506	3
1523	7007	4
7441	4669	4
3621	2230	4
1886	5277	3
9889	1976	4
4677	8559	1
1963	2246	1
4143	9590	1
9664	4391	1
1088	4669	4
3090	2962	3
5897	4731	0
475	47	2
4118	3454	1
1850	1757	4
4507	4752	2
4505	5465	1
4358	2700	0
6171	6820	2
1300	216	2
10597	10596	3
2201	2202	4
4087	3047	0
290	917	3
6562	2406	3
8336	1474	3
536	2957	4
6965	2092	0
5265	6086	4
3832	5530	0
7571	6725	3
6676	136	2
1942	3398	1
1262	6978	2
9753	2803	2
772	3073	3
5410	5701	4
8793	2397	1
3713	4569	2
3334	1287	4
6217	6362	0
51	1719	1
4107	3040	0
860	4110	3
3160	3382	1
9975	9974	3
6866	320	1
4217	1210	4
10347	5523	3
1038	1648	2
1147	2753	2
3557	2025	3
4841	654	4
10780	2849	0
9095	8674	3
562	3422	2
1576	1082	4
3067	10729	3
3299	765	2
4828	9692	3
6996	9672	2
3812	2484	4
3060	1224	0
3073	413	4
1547	2219	4
1205	1204	4
9069	134	1
5419	5418	3
1602	8786	0
8659	8400	2
4441	1413	0
3558	7038	1
5225	3698	2
2840	7937	1
50	5580	2
2988	5897	0
5325	2032	0
8781	9748	3
6455	5616	0
4341	1424	2
1925	8822	1
11274	11273	3
4877	857	0
2772	395	4
4915	2240	1
3199	11688	1
8441	4259	4
5855	3752	3
136	1299	2
4067	397	2
2234	1939	4
857	9744	1
10701	100	1
1245	741	1
2925	11343	3
5390	680	1
11240	11239	3
2558	247	4
4669	844	3
10178	6660	4
2368	2367	4
2207	494	1
411	410	4
4070	4069	0
3450	7774	3
5871	316	1
2266	4955	1
6749	6748	1
10979	4098	4
6331	7685	3
8457	8456	2
2070	236	1
8207	971	0
2756	459	0
8555	3988	3
3479	410	4
1806	5061	2
3960	7326	3
1250	5950	4
1510	3887	2
2398	3856	4
2619	5305	3
2435	1526	0
3500	3024	1
4423	3927	2
4189	1243	1
4806	6069	3
3480	1709	0
7736	6109	1
3835	7127	4
4361	5995	3
3921	8916	1
2417	1078	2
1842	1904	0
2747	162	0
20	5107	0
834	1033	2
5565	829	2
1793	3800	3
19	214	2
7004	4658	4
3056	6988	4
3085	5616	0
6193	1544	4
734	6284	1
1774	647	4
525	1265	4
5530	2276	0
47	3207	1
7712	4759	3
841	6838	4
2680	5911	1
1887	1323	4
397	905	4
2474	3698	2
1285	1284	1
8196	2992	4
7265	996	4
4399	4398	3
4	4885	4
247	2360	4
3879	7251	4
1174	697	0
9798	228	1
6443	9068	1
526	4406	4
2251	2250	3
5225	1652	2
660	3363	2
1966	4959	1
2979	1526	0
1526	4919	4
10865	2604	3
1648	1167	4
5351	3179	1
750	3188	0
8883	7359	1
864	2246	1
2720	1205	3
7229	1246	0
1587	7523	1
5120	395	4
5784	9774	2
7024	2371	1
441	1755	1
4775	3130	4
9161	5492	3
5515	1218	3
1152	791	0
5163	5162	2
5893	3797	1
6767	3522	3
2041	654	0
1701	650	0
2493	4405	4
5311	3573	3
4082	4081	2
8919	3537	0
11519	2200	4
6177	1496	2
3372	1729	2
10762	9091	3
1129	837	4
14	5281	1
780	4265	4
19	18	2
3613	1485	0
5731	10749	3
8185	3118	0
1215	1214	1
3692	855	4
4681	3118	0
2632	1982	0
6795	6794	1
8363	5008	2
1770	1378	4
6516	11682	3
1853	3295	2
2151	2753	2
3551	7387	2
3066	3172	4
5378	9715	3
5873	3761	3
7705	5736	3
2372	2371	1
7364	6906	3
11370	10527	3
10661	7767	3
7422	3130	4
10916	97	3
2829	316	1
4621	6119	3
7311	5579	2
3468	2109	0
138	91	4
2857	7347	2
5001	4480	3
9071	11013	3
5453	6268	3
7190	5451	0
6978	2568	2
524	3893	0
6267	8136	2
9969	4043	4
317	8529	2
437	6730	1
299	298	2
9253	3133	4
3708	4696	1
7229	2405	1
4217	585	2
6866	1916	4
2467	5107	0
2818	1690	0
5527	716	0
2159	3596	4
10910	10377	2
880	7708	0
11689	11926	3
5742	4991	3
10441	6695	1
5043	6959	1
2902	5554	1
7633	4220	3
2374	2237	3
7711	7710	3
6490	1592	0
3793	10363	3
1622	3508	1
588	112	0
2271	2606	4
2962	402	0
11567	11531	3
4021	1609	0
996	2821	0
1199	228	1
18	2617	2
2717	2716	2
7750	786	3
6208	5982	2
2074	5215	0
6515	5545	4
2406	461	0
135	134	1
8000	6832	1
822	10332	4
540	8974	2
2425	808	4
1942	1891	4
4457	1272	3
935	5694	2
9891	2029	1
4139	2074	0
517	4745	1
4169	2367	4
1373	5383	1
7093	6911	3
2854	940	1
3997	3996	3
7147	5659	3
10199	11080	3
1291	6355	2
9253	1786	0
3145	1052	0
1258	58	2
6911	4107	0
70	5559	2
9719	2481	4
4064	47	0
1463	2979	2
2644	6306	1
10	1456	0
6210	7966	3
4043	4871	0
3270	2998	3
3499	3250	2
2666	736	1
3724	3723	4
5641	3077	4
1915	500	2
6099	6098	3
6254	10212	3
1541	3812	2
4958	2110	3
10929	1494	4
4373	4892	3
5379	595	2
2290	6778	1
4332	6284	1
7105	8545	0
4217	8577	2
1286	4274	4
3621	3700	1
2988	3443	2
4098	4109	3
5497	2789	0
3890	3889	3
2099	4390	2
10410	2200	4
10454	9754	3
2019	4677	0
3056	905	4
5559	5897	0
790	4875	3
11071	10906	3
7133	1907	4
508	507	3
3417	3416	4
2270	4177	1
1622	274	4
3417	320	1
4295	853	1
4305	9076	2
3590	405	2
304	7479	2
1066	215	0
4815	4814	3
744	6757	4
8549	2484	4
2070	858	4
3351	1841	0
7750	1313	4
3257	5744	0
2897	492	0
435	10709	2
7206	2689	1
2133	5963	2
3567	3426	0
5367	10655	1
395	6449	4
1016	5552	1
3883	791	0
2808	5325	3
1926	3142	1
1767	2689	1
3337	853	1
8997	1472	3
4633	3118	0
2169	2168	0
305	1624	2
8784	1837	4
3883	2700	0
4096	4095	4
7308	8261	2
585	2863	3
2460	3024	1
738	1483	2
3369	444	4
3533	3532	1
11031	6570	3
3645	3644	4
2526	686	4
1655	10	0
2925	2342	4
1904	402	0
11280	580	1
7831	2470	3
5117	9768	2
7810	10036	3
2023	2693	0
3684	5983	2
2729	228	1
8340	8372	3
654	2538	3
1401	878	2
8354	2343	1
18	197	3
10932	7949	3
3749	9038	1
2526	2926	4
10852	3609	3
3277	8354	4
11212	3533	3
9104	573	0
3815	932	2
6028	8136	2
9589	8633	3
6375	1648	2
6995	2661	4
6578	6577	1
3536	5038	0
8398	135	3
6896	2501	3
4259	4648	1
5299	2092	0
1324	1110	0
5169	810	2
8718	10234	3
4212	2360	2
1274	3057	0
2606	2714	4
1403	283	1
5424	267	4
10964	10963	1
8898	1689	2
1203	1514	0
4230	8310	3
11168	995	0
3929	2673	2
440	1858	2
3394	10732	2
4986	6847	2
2019	1001	4
4189	1942	4
3567	5159	2
8595	1407	1
2725	8231	3
3182	228	1
4514	5001	4
3206	3205	1
118	296	4
571	192	1
2729	132	1
2756	2755	0
2608	717	2
689	688	4
205	11930	1
3160	4127	4
3188	1549	2
5898	2817	4
6714	52	4
4581	1726	4
6749	8512	1
3458	5053	1
6949	3118	0
2981	559	4
6020	1861	2
472	471	3
9056	2004	2
7393	6540	3
609	5166	1
2112	6382	0
3502	7576	3
5977	1210	2
10544	9842	3
277	5613	1
4662	9452	4
1165	6208	2
11417	3853	4
9018	2311	3
634	5622	3
1757	5417	2
247	246	2
136	7279	3
3781	6149	3
6692	5170	0
10451	7595	3
7340	1543	4
10146	2754	3
4363	4362	3
1058	266	3
683	682	2
9599	6571	3
7182	222	3
1702	1171	4
131	486	4
542	4277	2
1024	2346	1
1983	6613	1
3835	4713	4
6544	3911	2
8270	2821	0
207	144	0
8971	1552	0
7865	808	2
1716	3092	4
2265	8015	1
6444	6443	3
2818	1552	0
181	4200	0
2962	2700	0
8347	11257	3
4401	2150	0
1021	5458	0
3126	2015	1
4677	63	3
4540	4232	3
11854	8847	3
7308	6201	3
9961	9960	3
1028	3133	2
901	426	4
5244	450	0
4596	8883	2
1572	2957	4
6454	2788	0
654	3888	0
7804	1542	2
6580	4004	0
10177	3452	1
10339	5053	1
8049	3194	4
310	313	4
4900	846	3
8148	5497	0
1432	2207	0
1619	10636	2
4266	2671	0
6167	8563	3
9486	5958	3
7745	669	0
5280	1535	2
4847	892	4
10648	6182	1
2388	1510	0
10377	485	1
3458	2942	4
3206	559	4
6395	1038	2
3459	4936	0
555	6110	4
329	11807	1
1486	1485	0
4595	1277	1
436	9952	2
109	3423	4
464	957	2
554	3908	1
4510	234	0
920	741	1
4476	8149	3
5159	10308	1
3668	351	0
2013	2481	4
6947	2018	0
4512	6968	2
9472	9828	3
5349	7663	2
2478	3923	3
4530	3490	3
7441	1001	4
3705	6717	3
7728	7647	3
11152	454	1
7936	10856	1
3132	3131	2
3479	1054	1
8047	8046	3
5780	410	4
2657	6284	1
6265	6264	1
1192	677	0
1300	6153	2
1789	433	4
2588	735	3
973	972	1
7540	2965	2
1152	976	1
8719	3179	1
11296	3168	3
8791	10839	2
6398	402	0
5526	3532	1
11474	4471	3
265	3422	2
5360	1460	2
2435	2671	0
2727	4278	0
2199	3342	4
2	2700	0
3525	1494	0
9294	113	3
4742	4860	2
1907	192	1
1433	2954	1
506	505	2
6982	214	2
4695	1670	1
3856	3855	4
4272	912	0
487	5481	2
413	2086	2
4518	4517	3
427	4977	0
1846	2230	2
4	2926	4
5169	6459	3
5094	10780	0
4508	830	1
3292	1372	4
669	195	0
8551	1583	3
9390	1463	4
3795	3337	4
11881	10346	3
620	21	0
2727	234	0
5379	4587	2
3410	4674	0
428	5310	4
1250	1249	1
2009	1052	0
1183	1582	2
2699	3720	4
246	2128	2
8869	1100	1
11259	3661	3
2219	7577	4
1087	1086	4
1873	2367	4
738	6726	2
9595	8211	3
2184	1873	3
10066	8904	3
823	4578	1
5144	10089	3
1370	876	3
2797	6818	2
6441	6271	3
4704	5145	1
3684	7681	4
5175	2483	2
325	6753	1
6850	1313	4
870	869	0
1628	1409	0
4333	5394	4
407	2399	2
753	752	3
5769	827	2
6036	144	0
1141	1300	2
3493	6018	1
1786	1261	4
6308	6307	0
7903	9096	3
836	5390	4
4677	7155	1
118	2079	1
6402	1839	4
1494	2721	1
4734	5191	0
9072	7341	0
2923	2314	2
7585	2789	0
5008	2821	0
543	542	2
1763	1762	0
1505	503	4
3678	1680	4
1604	24	4
1467	1340	2
1967	9887	1
2788	5931	0
5172	748	2
2483	9115	2
6131	1617	0
2408	1755	1
3375	38	1
4441	43	2
3960	715	2
2660	3076	1
364	363	1
2541	7692	0
8787	8786	2
2038	5092	4
10011	5718	0
2278	2277	0
127	4180	0
11643	3527	3
2318	586	1
462	4992	1
1403	5554	1
4892	3723	4
1591	1274	0
10236	10235	3
2818	862	0
792	2700	0
9692	4648	1
7831	3102	4
620	1286	0
1018	373	0
8281	3834	0
409	3023	2
1992	1991	3
6685	281	0
3270	6173	1
2291	8168	2
67	7936	4
9280	6383	4
7880	6760	2
4921	4907	4
5963	11002	1
5716	5060	4
6489	1697	0
7442	6675	3
11500	11499	3
2799	2798	3
2743	3383	3
1058	7744	4
4099	4992	1
2	764	4
3939	8055	4
682	8457	2
423	5745	3
10178	1135	0
3802	2641	2
1694	3125	3
1384	2591	4
3774	4560	0
1728	7343	0
5983	6708	2
5078	2534	3
1139	165	2
3760	7297	4
1535	2839	4
5798	3005	3
920	10710	2
10482	132	1
5119	8260	1
8270	506	4
1138	395	0
3555	4843	2
527	1887	2
836	1167	4
2318	7255	1
1265	11290	2
2894	2629	4
6151	3639	1
8665	8605	3
2733	1680	3
660	30	4
426	7775	0
1709	3213	3
61	8829	3
33	631	2
5784	7374	2
332	573	0
6507	736	1
3506	3210	2
2208	6849	0
882	6395	2
5448	4548	3
5950	822	4
351	3680	0
3949	2931	3
9671	4554	3
548	5381	1
7115	948	0
2781	6725	4
3812	6405	2
1452	5790	0
3102	3103	4
2753	736	1
2445	744	4
2673	4273	2
1089	184	1
1727	857	4
6437	306	1
2568	1008	4
1270	3795	4
4670	5554	1
1474	238	2
6051	799	1
8565	1741	2
6454	856	0
6380	3861	3
3066	1058	4
6172	1378	4
4313	11203	3
2001	6891	2
5624	5623	3
2907	602	4
3393	3392	1
5375	1902	0
3231	1555	1
1181	3215	3
6490	9647	2
1047	5981	1
5273	420	0
3763	877	2
6116	351	0
588	10237	3
4561	1821	2
482	5202	1
1340	2992	2
908	6802	4
2627	2629	4
4949	4948	3
2342	222	4
3928	4669	4
3579	7345	3
8130	2292	2
857	366	0
1179	10866	2
1773	1403	3
3465	4936	0
2445	2839	2
990	1710	1
11794	11793	3
9594	5497	0
4380	1317	1
562	9420	2
27	11884	1
1805	11147	3
466	465	3
2290	1717	4
1902	591	4
3769	1057	2
4405	933	4
2272	21	0
1885	7762	3
3642	6282	3
534	1911	3
643	129	4
1113	2207	0
7745	422	0
2310	371	0
1510	4085	4
10118	1096	3
2009	815	1
8565	7311	2
8533	7640	3
731	2789	4
4152	1801	3
7804	647	2
3268	11587	3
2959	2755	0
8763	1621	2
4085	4127	4
10529	1186	3
190	192	1
3210	2385	2
9139	8021	3
863	88	4
5928	228	1
2475	1726	2
2893	228	1
3119	1407	1
7296	3371	2
4013	1453	0
9241	7961	1
4989	4988	3
6395	2102	2
582	1088	2
7413	7412	3
1972	2573	2
1270	791	0
10769	267	4
3048	4087	0
6559	6558	3
647	905	4
2036	751	2
11657	4845	1
3927	8055	4
1161	2899	3
1292	5041	3
2571	2022	4
7594	2079	1
1442	716	0
2310	8180	0
1059	2044	0
240	6382	0
1059	5215	0
1659	2671	0
11174	766	3
11836	11835	3
2136	1245	0
4242	9983	1
691	874	0
1351	9236	2
9705	9704	3
7115	305	4
5957	5956	2
8134	8133	3
715	1757	4
7585	1342	3
3776	5723	0
5936	8608	3
3802	2009	0
942	1526	0
2894	11309	2
4134	4133	3
6544	5467	2
912	3316	1
3077	3076	1
4684	1727	0
9392	10856	1
2613	1939	0
1559	1253	3
4356	2635	4
9682	1052	0
11010	9072	3
9529	6	1
3176	3129	4
5241	11894	3
1629	669	0
1839	1838	1
1053	402	0
8690	2621	3
162	3279	0
837	2343	1
8363	1400	1
7598	447	1
1583	4489	4
5175	3947	2
6044	320	1
2561	4778	2
556	1132	4
1005	5545	4
6714	6757	4
683	10555	4
4572	47	4
4295	416	1
9555	3572	3
5849	5848	3
5452	573	0
3914	6747	1
10858	1442	3
10222	1167	4
4471	2233	2
106	2844	0
277	7118	2
5970	5969	3
2163	4950	3
5314	7654	1
10352	10546	3
3310	7038	1
418	1703	3
3801	176	4
9039	59	4
7261	7260	3
6831	1059	0
185	611	3
4731	6012	2
858	10478	1
1840	5215	0
4229	2629	4
3572	5486	2
15	14	2
7879	1794	2
5574	9799	0
2116	2385	2
10551	5400	3
2406	2405	1
5387	6016	4
119	8131	3
1955	2343	1
1026	1025	3
10953	4681	3
1195	619	2
5785	6760	0
529	2402	0
7691	485	1
4073	4512	0
1009	1054	1
711	209	3
7850	1619	2
2566	1757	4
554	3219	4
2183	20	0
5246	862	0
1878	7131	3
2633	2051	0
8688	447	1
1982	3489	1
3133	3527	4
7540	130	0
4049	10469	1
50	5497	0
1333	1332	3
6252	5935	0
656	834	2
410	441	4
1767	126	3
2907	5878	1
5544	2672	3
2930	2929	0
4846	1495	0
4944	3849	3
233	647	2
365	4693	4
4839	447	1
4876	269	1
9349	10466	3
2875	3239	0
9703	139	3
2358	316	1
7	2136	4
10723	1378	4
1068	2879	0
4002	4536	1
6069	351	0
2930	6401	0
5241	2208	0
7356	3502	4
8676	8977	1
2487	2840	4
332	331	0
715	714	3
11566	9251	0
5359	743	0
1504	8247	4
6810	580	1
4115	4471	2
3293	3292	0
47	5341	4
328	2015	1
7506	2721	1
116	857	0
4049	2042	1
5103	1300	2
8944	10258	1
231	5616	0
706	4199	0
1624	8356	2
375	7721	3
2792	2791	1
4199	857	0
4816	9637	3
335	334	3
1512	5432	0
3394	1680	4
6340	7061	1
640	7384	2
7050	3250	0
2637	4734	0
5983	4241	2
5963	5962	1
8419	3902	1
3854	7219	3
6030	1724	1
1756	2367	4
864	2302	1
5390	10135	3
1683	7535	1
11853	837	3
1572	1571	4
3548	2795	3
527	3659	2
10821	10820	3
4085	1755	1
9333	1195	2
7245	1443	0
7500	3173	3
2741	312	4
1274	2168	0
11046	4848	3
9313	7463	0
3354	3353	3
4903	4902	3
9988	1543	3
3842	4559	1
129	10318	4
1210	4089	0
557	1919	2
9393	9251	4
9191	2405	1
4928	6587	1
3133	1024	2
3093	6107	2
6976	4693	4
905	3570	1
6957	4399	4
5701	1089	2
4199	5744	0
2615	5330	0
3896	4045	2
2101	1245	4
6769	7108	2
6100	4601	2
4684	1135	0
7753	3860	1
646	2752	1
2014	845	2
792	791	0
4921	3984	3
2961	6655	2
581	3905	3
6489	11842	3
3637	2248	0
773	4679	2
3737	3736	2
10293	6357	3
4277	437	3
8529	2829	2
5196	7463	0
286	2708	2
6290	524	0
983	21	0
8468	1924	2
8101	11111	3
8021	1105	2
7631	3875	4
3098	2488	4
3909	437	2
7868	283	1
2592	4824	1
1415	331	0
2907	4754	4
7074	3532	1
2244	5506	3
6704	9908	1
1861	6619	2
20	2649	2
105	9510	3
3760	7244	2
2894	388	4
6100	6726	2
1393	4868	0
478	477	2
7653	2305	1
6280	5554	1
1345	10910	2
7157	7156	0
565	3334	4
6391	6390	3
6518	4948	0
10320	9676	2
3848	461	0
4119	2979	2
4249	1976	4
4168	785	0
68	396	2
7968	7967	3
6449	11152	3
9616	9615	3
2528	5659	0
6029	6	1
3673	9103	2
5617	308	3
9696	6452	1
4076	2280	0
706	705	2
1217	59	3
11133	11034	1
2036	1994	3
5790	3721	2
7690	3179	1
262	4486	1
6443	6535	2
2058	853	1
2099	187	0
5594	5593	3
3034	1676	2
1104	2140	0
2710	9299	0
3987	3986	1
7548	6959	1
4501	3502	4
5397	2150	0
265	6030	2
10613	10612	3
3925	8132	3
1540	100	1
9877	10567	3
2658	2092	0
117	6234	2
6579	9362	1
7171	4572	4
8356	4049	4
2148	9956	3
1385	7444	3
171	170	3
1371	2014	2
8443	1407	1
3423	3221	4
2229	563	4
8883	2444	0
7542	6644	3
3775	11362	1
667	2360	4
1591	8261	2
3464	7410	3
402	976	1
1057	3815	2
382	381	3
6592	2002	1
493	2671	0
2398	1317	1
4537	9782	3
7413	228	1
13	4658	4
6703	6702	3
8948	551	3
5716	413	4
700	6024	4
4570	4569	2
6839	9705	2
7879	167	0
3130	996	4
3892	2343	1
11243	6832	1
2185	2586	3
8968	1095	1
5360	2458	1
7826	2101	3
6362	3233	0
8921	7912	3
8122	8658	3
434	433	4
6039	2207	0
5521	785	0
743	4265	4
3462	3461	3
2903	9966	3
7858	7016	3
6507	3813	1
10004	4832	2
1030	1029	3
2080	2079	1
2558	1583	4
4489	11841	1
2746	7348	2
7891	5621	3
725	1043	0
4633	461	0
11924	11669	3
5983	822	4
8860	1054	1
413	412	1
10374	7673	3
4276	6779	0
8180	4621	0
3176	3338	4
10303	4452	3
8083	5596	3
103	1319	0
6212	100	1
966	4093	1
5025	1951	2
2326	7334	2
9428	5327	4
4618	7843	0
4754	1460	4
1105	4247	2
8874	4470	2
3649	6663	1
2055	312	4
4491	11325	1
6771	6485	0
314	6073	0
7347	8711	4
1591	6437	4
10099	10018	3
8000	5078	4
133	4089	0
1438	4512	2
2284	2283	3
503	3224	4
3900	4822	4
11971	5286	3
2314	2643	1
2691	1067	0
6340	3860	1
2650	11620	3
1756	1378	4
1089	1088	4
1065	3079	3
5205	138	4
9955	1034	3
8449	1552	0
1072	3118	0
2019	3026	0
5170	2309	0
990	6259	1
5199	2055	4
104	1456	0
1124	1123	1
7084	2082	0
3210	1630	3
1591	2458	1
31	761	2
4655	1671	3
513	2942	4
2627	186	1
4329	4328	4
4406	3599	4
3891	4185	3
8059	4959	1
545	1670	1
2001	3685	2
10170	7282	3
104	459	0
7076	1604	4
650	4206	0
1871	5810	2
5580	2042	1
4426	1167	4
5284	1135	0
4183	1961	3
6857	2157	0
4174	3076	1
7142	395	4
4713	6016	4
1506	1505	2
2134	2815	1
301	1695	3
9031	9030	3
1164	1163	1
2372	2689	1
312	1907	4
49	2259	1
3271	10724	3
4114	9518	3
4558	1479	4
3994	699	1
3535	7583	2
7938	10232	1
6137	461	0
5450	10678	3
2665	5227	4
6449	4074	2
903	6131	0
8467	4656	3
290	3110	1
6725	68	4
657	5237	0
6161	5846	1
827	4578	1
1105	878	2
8387	3368	1
1732	313	2
5467	5466	4
1370	2571	4
3914	8260	1
982	5157	1
99	686	4
1644	320	1
7859	7976	3
4605	1441	1
2551	1210	0
121	120	3
876	7191	4
9504	3309	1
2426	4676	2
2009	3133	4
1939	4731	4
5424	5393	1
3448	2787	2
8646	3650	0
2292	4783	1
7744	6173	1
5457	4106	3
4107	1314	2
6919	2488	4
10064	8110	3
5387	7072	2
3117	7719	4
4832	798	2
103	4337	1
3246	8129	1
1563	5284	0
3668	1698	0
3845	8174	3
6293	6292	3
7566	6925	3
8475	1243	1
3643	1549	2
5784	3219	2
4726	4725	4
7341	1904	0
6029	3921	2
747	2847	0
1526	2092	0
3181	2689	1
3681	3649	3
4725	3333	4
448	447	1
1541	4084	2
1752	1615	1
2462	2461	4
155	1498	3
7190	11473	3
386	95	1
1513	3323	2
1337	1336	3
1314	1757	4
2504	8274	3
58	6714	0
322	3316	1
3467	398	3
6894	1296	0
4803	2472	1
3480	8832	2
8236	67	3
3575	3254	3
2134	3740	1
3815	4514	4
1963	2308	3
564	2128	2
1926	1167	4
2441	6324	1
561	560	1
2344	7590	1
9549	3133	3
6220	6219	0
8503	9467	3
4089	486	4
1011	9475	3
112	7937	1
3645	452	1
645	6695	1
6628	8321	3
6555	3642	0
3025	5532	4
4504	5531	4
5784	2776	2
4973	4972	3
4173	459	3
4888	234	0
4268	3650	0
6031	512	2
6658	3338	4
8397	1053	0
1685	3368	1
5172	1055	2
4568	7013	4
440	439	1
6572	947	1
3073	3072	1
57	2469	3
2105	5199	2
852	3927	4
5641	3137	0
11839	3397	3
4609	1378	4
5592	5037	0
11745	11744	3
7593	531	3
5526	1751	2
3598	2633	0
3566	565	4
3961	1074	3
9104	9226	0
8017	7244	2
3567	2207	0
7974	1164	2
7653	824	2
9389	9388	3
2638	7514	3
9191	1084	1
4586	5281	1
10161	3615	1
1604	7216	4
7118	895	4
9070	9594	0
1271	1609	2
8806	2028	2
985	920	4
3323	3322	3
1087	1248	3
1365	216	2
3046	8223	1
3458	10025	3
9431	11228	3
3680	573	0
8172	1856	4
6807	3853	4
4570	1809	2
5896	1169	1
9672	6117	2
8593	8592	3
766	4952	1
4285	2748	2
6378	7160	3
2101	5508	4
838	1571	4
8895	1801	2
6110	923	4
5173	7463	0
8620	4127	4
1707	8755	2
7115	1867	1
3519	7704	1
299	2689	1
5858	5530	0
866	908	0
871	3093	4
4332	8237	3
3037	2436	2
3327	7352	4
10924	1384	4
1465	3971	2
2172	5519	3
10684	355	1
4846	1068	0
5859	939	2
4876	8400	2
689	1058	4
6515	2488	4
619	555	0
7248	1390	2
3978	8056	4
5641	908	4
6619	3171	2
3047	8904	0
5641	3172	4
10935	7619	0
6111	1441	1
3095	3837	4
75	74	3
6611	7850	2
7131	2305	1
129	5295	1
4822	512	2
2045	791	0
1803	1014	0
4505	689	4
3719	5391	3
378	2344	2
4855	4854	3
4129	4128	4
860	3398	1
4456	8717	3
10028	9744	1
3613	3513	1
1540	5001	4
4030	2233	4
2631	1441	1
3909	2748	0
2499	2966	0
429	428	3
6755	169	3
1453	2079	1
7536	2311	0
7173	320	1
1342	1341	2
1179	2079	1
5545	2689	1
1723	1722	1
2206	3637	0
910	909	1
3303	5957	3
67	5144	4
5804	1479	4
2666	1963	4
577	576	3
2267	5305	4
2475	1427	2
10410	2970	3
4885	1095	1
469	11870	2
1040	2942	4
4267	1798	0
846	375	2
1763	4593	3
5069	8978	2
9660	270	2
8768	8767	3
2034	6922	1
5553	7909	1
92	91	4
4163	4162	3
1325	1324	0
6919	5545	4
6029	2707	2
6875	4907	0
10280	7834	3
9251	2381	0
6685	4069	0
8833	996	4
3169	2302	1
2934	5723	0
10404	4108	3
305	1350	2
5870	3278	4
7432	2274	4
5341	388	4
5199	3238	4
3760	4366	2
6189	6642	2
9280	753	4
3064	6038	3
11692	3724	2
1811	6249	3
3127	1615	1
2298	1313	4
8153	1644	2
4212	8497	3
2940	1270	2
5977	1211	2
6433	5226	1
8769	2772	3
921	4320	2
4581	4064	4
5451	351	0
1005	2488	4
7179	8707	2
1104	33	2
3886	9194	2
6621	5773	1
2989	1409	0
2080	1413	2
9037	4736	3
3082	3157	4
2460	386	4
2171	5589	4
738	3457	2
863	1317	1
5961	1044	1
2841	255	1
6193	7593	0
3372	1782	1
2276	231	0
6086	3519	4
971	3883	0
6509	4099	4
10578	4665	3
654	1052	0
1716	441	4
625	4089	0
7577	2132	1
215	4098	4
4522	313	4
3913	3174	2
1594	6061	2
7239	5687	3
8251	563	4
8152	3229	0
1235	52	3
4968	976	1
1181	1898	1
30	8743	4
10843	8933	3
8988	1040	3
2545	2544	3
1882	3849	2
752	7492	0
2083	5723	0
2599	4203	1
5298	3619	3
4713	3590	4
802	801	3
747	5403	0
4608	562	2
1859	4695	2
7646	374	3
4376	1757	4
5499	8045	3
3590	7267	1
7212	9795	3
764	10707	1
7907	1724	1
3256	3255	3
1193	2062	2
3720	161	4
5068	841	2
6599	5947	3
238	6994	2
1580	226	3
3217	3639	1
4579	5423	3
10603	10686	0
9278	1516	3
4030	983	0
5159	2988	2
6311	4836	3
4307	4306	1
786	2700	0
3819	3422	4
2617	9198	2
4778	320	1
161	3081	4
3463	996	4
3538	3293	3
1628	3821	0
3465	669	0
1609	10127	1
4474	1054	1
7916	539	4
5580	1453	2
7612	6619	2
10405	1378	4
4775	5170	2
5641	62	2
1504	1375	4
7931	7930	2
4097	2554	4
1986	1379	3
2255	278	3
2667	1571	4
8990	4891	3
10515	644	0
1655	6869	4
3681	730	0
9585	5564	3
1404	4887	2
7103	6421	0
3929	7849	3
10687	3911	3
655	1372	0
1794	2018	0
7853	10638	0
5741	7843	0
2352	1052	0
10143	3384	3
4199	8786	0
1554	5026	2
8185	2405	1
4	686	4
6685	1784	0
4276	7492	0
5246	2818	0
843	842	3
7039	2697	1
3169	3591	2
344	580	1
5119	8261	4
1072	1443	0
9845	3570	1
2426	3211	2
245	4674	4
6569	6173	1
1371	4491	2
6006	10011	0
7508	3422	2
1270	5466	4
5647	6366	2
6028	37	2
3772	4992	1
7244	4078	2
2839	6078	2
3727	20	0
1211	2629	4
5085	3328	3
7284	6763	2
2708	963	1
10553	7096	3
9357	2239	1
3837	3177	4
3625	1052	0
8027	2519	4
2692	2657	2
3278	5870	4
3066	1494	4
4458	2435	0
8277	2173	0
8027	2492	1
1486	3176	0
10121	438	3
2133	2697	1
2126	566	4
177	4726	0
7627	7626	3
1072	1246	0
2972	4840	2
6149	6148	0
4097	506	4
1386	925	2
312	3308	4
5055	1038	4
1174	1597	2
3596	7511	1
329	328	0
524	523	1
311	2671	0
6093	6092	3
946	2668	0
6354	7745	0
5441	320	1
8521	5718	0
5857	5856	3
7318	2468	4
11088	5070	3
2654	6274	2
2484	3422	2
4491	624	0
7744	5482	1
525	3596	3
669	4296	3
4116	4115	2
1373	2381	0
9299	8557	0
502	11781	3
3067	3066	4
5802	2042	1
7212	100	1
43	4843	2
5008	1856	4
4168	1277	1
2797	5090	3
1906	738	4
8755	996	4
9286	1443	0
5455	6577	1
2133	1082	4
5677	1615	1
1634	329	4
5515	1972	2
10501	2281	3
4704	3514	4
715	2274	2
2741	2055	4
6120	1581	1
2028	4887	2
6280	2901	1
7536	1246	0
7010	2009	0
2924	10745	2
5766	2700	0
6848	5884	2
1979	413	3
4754	2016	2
10979	4097	4
3109	2821	0
2561	11407	3
8122	976	1
8225	8224	1
3026	7343	0
4324	3242	2
8486	505	3
10520	519	1
7973	9522	1
9155	2266	3
8030	11382	1
10106	1039	1
9768	2062	2
4004	4003	3
3879	6959	1
1644	2617	2
4977	426	4
3811	744	4
1384	1460	4
1379	3815	2
6161	1001	4
5888	109	3
1740	2840	4
2170	3337	4
5913	5912	0
5477	5476	3
2112	449	0
1064	3446	4
5934	573	0
946	5931	0
11948	1670	1
11201	8901	1
2351	2350	3
7109	2423	3
10616	5084	3
2503	2502	3
6760	3900	0
3488	3487	1
4084	947	1
8619	8618	2
6453	8248	1
10445	2774	3
10012	996	4
329	2015	1
6442	847	3
3886	1654	0
3423	660	4
6030	4909	1
1924	10070	3
533	532	0
1064	1801	2
3040	4337	1
1445	2042	1
2016	732	4
2881	2880	1
1265	2803	2
6133	3974	4
951	5739	3
3903	3902	1
4596	1310	2
838	2957	4
4941	1619	2
1924	5627	1
10847	10846	1
4400	1004	4
9139	5685	4
262	2461	4
6677	988	4
1667	1666	3
1506	10012	2
925	924	2
9827	2735	0
5574	1515	0
298	124	2
2987	4345	3
20	6757	2
10508	62	0
1019	5215	0
3888	655	0
3549	3548	2
4516	1516	4
2567	1841	0
4073	4142	2
5205	50	4
3763	2634	2
265	10181	2
27	3408	2
6928	2661	4
1386	983	0
8863	4887	3
8557	2727	0
9236	562	2
3901	1724	1
1382	1381	3
9455	2074	0
7753	6295	4
176	4578	1
2024	4797	2
3457	7005	1
536	1456	0
3959	1976	4
4377	2854	0
1047	192	1
3693	494	1
1914	2302	1
4390	2748	2
4570	403	1
3645	312	4
791	1904	0
2772	4890	1
10590	10589	3
584	9607	2
3827	3826	1
610	6066	1
3891	21	0
8291	996	3
2313	996	4
2126	2665	2
313	2055	4
3721	6225	3
8400	1363	2
8786	345	1
6161	10411	1
7699	6153	0
916	915	3
5182	2338	1
9243	11707	3
5985	2092	0
4217	603	1
1345	2348	2
5272	6902	3
366	1751	2
4554	1583	4
9772	7733	3
4936	6266	0
5117	5116	3
10752	10751	3
10143	2848	4
4822	4099	4
129	2665	4
5296	3398	1
935	934	2
10753	8112	3
7989	7988	3
1261	8327	4
9760	9759	3
10520	3178	1
7948	1526	0
6866	6865	3
5693	6617	3
11859	899	3
2760	4844	3
8495	7357	3
1919	86	2
1414	3231	2
8228	2671	0
2920	2348	2
5403	21	0
515	2616	2
9649	888	3
3446	10754	1
161	2699	4
4675	4674	0
6169	2807	3
10457	3979	3
1195	2487	2
5725	9483	3
4199	3257	0
3965	8330	3
1547	2132	1
2757	3194	4
8549	920	4
3078	5315	0
9672	6535	2
9252	3035	1
1766	11544	2
6086	6085	4
2207	402	0
13	21	0
2177	2176	3
709	176	4
3913	2240	1
8987	1951	2
7538	4731	3
2331	1545	4
2206	1135	0
1505	619	0
3464	3680	0
6437	2328	4
6050	3860	1
6507	3417	2
4786	3316	1
3884	3883	0
4274	2426	2
3137	2562	1
536	535	1
2726	2079	1
7694	599	3
20	1654	0
4685	4684	3
3117	5905	4
7825	3333	4
1655	6431	2
3067	2414	2
4525	4453	1
156	1388	2
4201	677	0
1058	5078	4
317	316	1
1351	5058	3
5888	3946	2
2436	4066	1
4433	3044	0
29	28	3
247	12	4
14	7941	3
4731	2240	1
2498	2497	3
6626	305	4
4084	313	4
8519	2092	0
2802	2748	2
591	519	1
4830	1719	1
9097	7415	2
67	4871	4
11602	320	1
5106	624	4
6535	3504	3
3591	6361	2
50	8537	2
4622	1407	1
127	10638	0
2348	1543	2
1915	4186	2
2344	5977	2
1881	1688	0
2368	228	1
342	277	0
1801	772	2
1618	1617	0
1424	483	2
5119	320	1
10314	6128	3
8419	1867	1
1540	5854	4
342	8786	2
2294	2190	4
1364	451	2
2857	3837	2
5672	3853	4
1090	1266	3
1425	37	2
8666	11510	3
3163	4136	0
4079	269	1
9428	4399	4
1892	1891	4
3147	8414	0
5674	10872	1
1058	47	4
958	2557	2
1179	8380	3
7051	4821	3
10459	3903	3
3512	3543	2
5086	2261	0
2230	5044	4
5977	853	1
7716	13	0
3671	1680	4
413	132	1
2617	4811	1
520	2169	0
7631	1402	4
5531	4763	0
3241	5227	4
2924	830	1
2100	184	1
2661	1972	4
5493	1207	1
2637	11717	0
4174	2555	2
1476	1475	1
1340	1339	2
5119	2770	2
999	3434	2
3293	3363	2
4516	4515	0
827	2606	4
235	234	0
307	1755	1
4813	11008	3
1887	7990	3
3623	192	1
780	6490	4
10394	6221	3
2407	7279	2
3034	2655	2
117	6737	2
3292	1571	4
3856	4669	4
760	6975	4
5013	5012	3
5376	10988	3
1099	2927	2
5292	9957	1
669	4936	0
3057	3967	0
208	2109	0
687	990	2
2234	1530	2
4157	104	0
11526	8512	1
1210	5103	2
4106	1898	1
3808	4341	2
2547	6902	2
252	5840	3
5417	4876	2
4135	1615	1
6104	6103	3
148	147	3
2141	329	3
8144	1378	4
531	750	2
2362	168	2
2640	379	2
1040	2600	4
1669	730	0
7046	1061	3
4305	5500	1
3126	1670	1
6418	283	1
2601	2018	0
10087	2139	1
2189	9071	0
3707	7015	4
1940	1939	0
2169	5107	0
4918	4225	1
4945	374	0
1421	2689	1
11125	11124	3
9562	9561	3
1319	2756	0
4043	660	4
2356	3194	4
2741	3130	2
3211	3206	4
4131	3367	0
9039	996	4
2631	1169	1
313	452	1
4852	4180	0
2444	7359	1
6265	8622	1
278	277	0
1761	1760	1
4243	4242	4
6947	144	0
1855	3471	2
3423	6400	3
11209	11208	3
4684	7130	4
7020	1856	4
11250	1609	3
3130	9184	2
1938	11197	3
6313	3614	2
295	85	2
2484	154	4
2361	2378	4
5845	1092	4
10511	9034	3
3290	512	2
3408	6434	3
8246	1654	0
4118	4117	3
1861	3641	2
1423	2689	1
441	4713	4
5568	7013	4
5555	2901	1
8077	2309	0
2408	410	4
2716	2519	4
2170	3130	4
344	100	1
5265	4845	1
9151	3219	3
5407	184	1
2659	2551	2
8549	141	1
9243	3343	0
2402	5314	0
111	1487	1
9546	800	3
6948	2437	1
7032	1243	1
281	654	0
9452	7329	1
6507	59	2
7610	1916	4
2277	3491	3
7862	7861	3
4958	302	1
3122	3121	3
2802	1525	2
3147	3642	0
93	4596	3
5068	10644	2
2099	187	0
9246	791	0
4514	568	4
4406	1479	4
11846	11845	3
7547	5382	3
1616	1577	1
7658	3723	3
6847	6846	2
8854	1066	3
45	846	2
2430	3700	1
1236	3401	0
4067	5421	2
1122	465	2
4786	2817	3
8123	4535	1
5766	1976	4
1534	9588	2
3117	7593	4
2453	6891	4
7103	2074	0
9246	6101	2
1622	2343	1
2495	7723	3
8607	4734	0
1685	5930	3
4570	3977	1
1164	345	1
8847	1904	2
8995	2150	0
3720	9001	4
1916	4956	4
3947	11160	2
5284	1456	0
6797	1441	1
841	1186	2
4830	5837	1
9894	8754	3
4775	3337	4
106	6116	0
6902	345	1
4226	1940	0
1725	5053	1
8285	2008	4
809	2136	4
6017	462	3
5945	10568	3
5934	9811	3
3204	3118	0
3808	8540	1
6494	7157	3
9664	10230	3
10997	9628	3
1905	143	0
4510	2727	0
2435	7574	1
7203	3570	1
8235	5304	3
1364	6615	3
6023	5053	1
71	741	1
6862	4404	3
3900	1037	0
1103	1102	0
503	1505	4
3300	1535	2
2541	2540	0
1033	4115	2
3613	1972	2
3093	5772	2
7979	2631	2
5364	7314	3
1915	8839	3
280	2399	2
6907	8193	1
6937	6936	3
8119	5136	3
3198	1372	4
893	892	4
4658	4292	4
2543	59	4
3848	2405	1
189	10298	2
1906	2004	4
2417	7021	3
9061	5896	3
5982	5981	1
8883	548	4
4618	7664	2
8971	2818	0
7340	4095	4
3402	534	2
8529	7200	2
1535	2381	0
2036	2035	4
5991	3207	1
7935	11910	3
2726	5870	4
785	5120	2
1203	6266	0
6149	1786	0
3393	7883	2
3539	9995	3
317	5465	1
1290	1289	1
8918	2695	3
7818	7817	3
194	7347	2
2102	7487	2
1437	785	0
3257	857	0
5038	3831	0
362	2311	0
2420	6900	3
768	5423	4
279	799	1
7634	7633	0
1004	100	1
3130	2470	0
2654	477	2
4217	9973	3
5983	8377	2
4948	6771	0
7397	1163	1
5055	2641	4
756	1841	0
1505	1859	2
536	1717	4
6354	3465	0
8172	2481	4
4474	388	4
6405	1082	3
88	56	1
9001	6284	1
2673	2079	1
10400	3788	3
11428	10468	3
6297	3172	2
1325	352	0
5136	785	0
1000	36	2
5560	5559	2
935	1265	2
5133	9048	3
6270	4223	3
279	2418	2
831	447	1
5430	6452	1
1205	2171	2
2465	4605	4
70	10088	2
3978	5685	4
2040	9881	3
1631	2638	0
3020	1481	1
9524	9185	3
908	907	0
2541	2349	0
6824	7016	0
4848	5527	4
7105	2700	0
2140	144	0
7337	8816	3
31	4612	2
1472	1047	4
4912	100	1
4870	3035	1
2290	4295	4
4021	741	1
655	785	0
7684	7683	3
1373	5008	2
8826	3500	4
1096	1412	0
3914	5305	2
5982	153	4
2961	3423	2
3915	21	0
4850	1058	2
4587	3290	2
1262	9678	2
2220	2219	2
5186	2461	3
4423	8363	2
1683	1682	4
7142	1178	1
9313	100	1
10972	11260	3
9188	8906	3
7764	5314	3
5529	2375	1
2630	892	4
6263	9046	0
660	5769	4
5170	1472	4
5510	1313	2
1568	3599	4
3423	1964	1
6912	5107	3
6472	6007	3
5407	5334	2
465	834	2
11723	11722	3
6412	6411	4
6514	6294	4
895	7676	1
5958	2302	1
4632	4631	3
4581	6304	3
1425	6319	2
1350	1916	4
3108	8548	3
6200	6458	1
3994	3993	0
3422	1400	1
8290	1693	3
3543	2547	2
1543	4889	2
7202	2240	1
508	5008	2
7573	11618	3
555	1757	4
2083	3776	0
9516	739	3
6976	3928	4
5579	3194	4
6790	862	0
10547	4692	3
5195	228	1
4572	3092	4
246	1064	2
6174	10415	3
11827	3264	3
8562	5206	1
3646	3651	0
1818	3363	4
309	2708	2
3514	3368	1
9773	10606	3
5063	1634	3
654	1372	0
2054	2663	1
4182	4181	3
11551	2689	1
4669	8468	2
6114	244	2
3940	703	0
3642	6220	0
11732	4643	4
1879	1925	4
9823	6418	3
2279	3102	4
2829	5465	1
1504	3019	4
1129	3221	4
8957	1288	3
2616	6630	1
2353	5484	2
370	5797	3
5657	2384	3
1713	3552	3
1023	4512	0
3026	689	4
8517	1526	0
9749	7011	3
781	780	4
1592	5600	2
2349	7721	0
1158	1008	4
2395	7597	1
4676	1054	1
10736	2371	1
724	7128	3
5199	452	1
517	516	4
2232	5176	3
3003	1916	4
2821	10581	2
8258	3064	2
5475	4447	3
3840	2481	4
1313	6816	3
2746	5124	2
1221	1220	3
2667	1289	1
4645	161	0
2398	1187	1
3323	2807	2
7499	228	1
858	5253	1
7441	925	2
920	2821	0
6030	1882	2
1553	1552	0
6851	2526	3
2661	2564	4
3177	2714	4
1713	6995	2
543	6943	2
1118	5060	4
4023	8278	3
4127	2397	1
3613	4217	2
648	10518	3
1344	3098	3
3327	388	4
3641	3402	2
857	1135	0
777	2307	3
6907	5191	0
9293	47	4
6415	5931	0
5090	470	0
4265	21	0
7322	2714	4
885	2133	4
1900	1899	1
6292	454	1
8258	3860	1
2009	2018	4
638	8732	3
10416	8901	1
7939	1732	3
10633	9522	1
734	1441	1
3798	5220	4
4247	452	1
1195	6534	2
5825	5868	2
7150	5527	2
2131	10785	1
3736	1300	2
47	1680	4
2717	1028	2
4059	1327	3
3007	3006	3
5905	2230	2
47	19	2
8482	5359	3
10257	10256	3
3284	9364	1
4376	937	3
2073	4564	2
10125	8519	3
1998	1656	3
1247	2311	0
3227	410	4
3775	320	1
2611	6972	4
10178	6661	4
6086	7704	1
7288	3698	2
5739	2343	1
10324	5988	3
6461	1259	2
1081	161	0
886	885	3
1702	6403	3
3334	371	2
10177	5667	2
9271	5393	1
8444	4180	0
6339	6869	2
8305	8304	3
5638	1441	1
10968	1052	0
9420	4406	4
2421	2758	1
6006	331	0
10298	7464	1
1287	8501	1
5788	9809	2
1005	413	4
2035	3452	1
7102	6284	1
660	857	0
7972	8179	2
8333	132	1
6339	5576	2
2001	8672	4
1210	1209	1
5141	8622	1
10759	10758	3
4765	6347	0
2943	8536	2
2327	3563	3
1303	4850	2
2707	7672	4
11866	1598	3
5766	4337	1
6290	7973	3
1568	932	4
3176	5764	4
3147	1526	0
417	7517	0
592	3864	2
52	683	4
1047	4770	2
4645	3316	1
222	2219	4
8014	2314	0
3068	1245	2
7595	4512	0
2422	2157	0
1132	1719	1
6193	2915	3
6925	2400	0
1245	2566	2
1891	5545	4
744	9938	2
8285	2150	0
1037	5009	4
7681	10187	1
10682	7009	3
7236	7235	3
6436	11393	3
988	987	1
4601	4600	4
496	7015	4
688	2492	1
8752	8693	3
1062	3454	1
1523	4104	2
5826	5825	3
1379	4587	2
9307	4868	3
1815	8549	2
3525	2613	4
1576	6452	1
1512	8324	0
373	1037	0
3960	5103	2
58	3795	0
2690	3395	3
524	7843	0
2037	799	1
9830	683	4
5141	7700	2
1286	1357	4
7275	3927	4
1343	5284	0
6132	583	2
4921	2032	2
2753	4177	1
235	2074	0
587	4335	3
2628	2381	0
5287	7753	3
8247	5156	2
5199	1001	4
9159	1008	3
4917	870	0
440	1129	2
4936	3940	0
2069	2068	2
4540	320	1
3633	9725	1
4775	10900	3
5061	3307	2
4168	5732	2
3911	4293	4
5672	5078	4
2133	3570	1
666	2426	2
812	811	2
4150	4149	1
4591	2640	2
5388	5673	0
5515	3914	2
1083	1082	2
9037	4067	2
5225	10957	3
504	1350	3
8461	8460	1
91	1127	1
3342	1246	0
2812	1475	1
1543	3903	2
3766	5117	2
6116	3464	0
6261	3853	4
2812	2811	4
441	3590	4
3317	4576	1
342	217	2
10177	1592	0
3375	2001	2
2782	8193	1
1497	5576	2
2453	4406	4
10126	1759	3
3656	10708	3
462	1047	4
2071	907	4
1175	3808	3
4466	8028	3
3760	4871	4
5652	11079	3
9889	320	1
436	435	2
2054	1351	2
2807	2925	2
461	460	0
1900	1581	1
8035	1791	3
9900	1291	3
5759	660	4
608	2629	4
3808	5870	4
4934	7582	3
7415	5854	4
3413	1057	0
1788	590	0
2009	161	4
10073	1323	2
6101	2472	1
10437	62	0
482	1047	2
4438	2681	3
2453	6443	2
2013	853	1
9719	48	1
1047	1057	0
8324	743	0
6415	2668	0
2156	6334	3
1179	1178	1
440	947	1
1104	2207	0
6295	10171	3
3567	3566	0
4889	5592	3
748	3027	3
1181	5738	1
2303	2150	4
2036	2136	4
4473	6392	2
506	3591	2
4050	2204	3
808	807	3
5098	5097	3
1602	9889	2
1037	1004	4
1931	1925	4
8553	8414	0
2630	2629	4
1594	2768	2
7865	3837	2
4840	1441	1
3613	1485	0
6490	4512	0
1415	235	0
2852	2851	3
3448	2850	2
3766	253	2
3618	6375	2
3856	1187	1
10769	2689	1
1372	2051	0
8831	8830	3
8786	785	0
2814	4337	1
2171	2170	4
2627	388	4
4607	9082	3
11634	91	3
1728	1727	0
1937	4571	0
9061	11798	0
2267	171	4
10644	4873	4
3543	7260	2
6988	4030	4
8796	8799	3
10664	7162	3
11515	524	3
1299	1178	1
4843	462	2
6399	2436	4
2487	7039	2
513	1856	4
2459	6896	2
3161	1404	2
3500	5533	2
10498	8641	0
9746	7754	3
996	58	0
3892	2488	4
4831	7955	3
8524	8523	3
6355	5251	2
5082	2302	1
1941	332	3
6158	1698	3
2133	5983	2
1364	2792	0
1096	1412	0
10915	957	2
21	20	0
4139	1548	0
6769	2127	2
9552	11686	3
1571	2169	0
608	21	0
4889	3908	1
366	365	0
2358	5965	2
3019	229	4
2480	2479	3
6580	3080	0
5982	8477	1
5353	1555	1
5560	2997	2
3993	4314	2
664	663	3
549	10706	3
877	9957	1
2649	5751	1
3832	6421	0
8130	7318	2
977	976	1
8869	1904	0
3684	132	1
621	8169	3
1040	4520	4
683	2358	4
2988	2925	2
2841	1654	0
10723	5078	4
1050	3642	0
4591	6757	4
536	2792	0
453	4669	4
3707	1234	4
670	669	0
7992	2397	1
5858	1059	0
3761	2815	1
1609	1058	4
5620	6959	1
2453	5961	2
555	554	4
3199	2234	2
9309	9308	3
1592	6402	2
4799	7620	4
845	4873	4
7163	5645	2
3317	9602	2
2726	1179	4
6286	5007	0
2112	2966	0
5115	3612	2
748	486	2
10977	1863	3
232	4938	3
5162	4669	4
6286	1552	0
1841	1840	0
6161	4669	4
7888	98	4
9450	3002	3
2707	222	4
1871	189	2
4605	5226	1
4693	3928	4
2052	143	0
1697	1834	0
1557	500	2
6348	1491	1
3929	5059	1
6505	2207	0
2601	947	1
10173	8192	1
715	4775	2
2641	1652	2
5618	869	0
1550	3092	4
6509	499	2
8354	2334	1
2671	2092	0
7879	62	0
2855	4278	0
374	5790	0
9851	10113	3
1364	2005	2
1717	9586	2
2393	3541	3
4405	1935	1
7630	5062	4
1004	414	1
7074	3076	1
1628	5916	0
2558	2013	2
7415	6235	2
920	2004	4
4168	1850	4
7707	192	1
933	965	2
4763	6975	4
1617	3029	0
8966	7206	3
6342	6437	0
3217	8508	3
1325	5220	3
908	2256	2
8042	7700	3
3788	1866	2
8824	875	3
1250	4998	4
1034	2467	0
9821	609	3
971	3884	0
469	842	0
13	4822	4
5389	7856	3
2637	2092	0
47	3057	0
5861	2242	2
2608	1936	0
3537	3536	0
3194	410	4
3223	686	4
1325	1415	0
861	2818	0
3993	920	4
3303	452	1
2172	6030	4
3873	1378	4
6687	2207	0
1083	920	2
2356	395	4
2230	5647	4
1871	2890	2
177	3909	0
6728	6495	1
9390	426	4
51	8182	2
4104	6534	2
4084	3860	1
8259	7338	1
2318	2317	3
3599	191	2
53	283	1
4601	3039	4
856	3595	3
2788	231	0
339	338	3
554	3126	4
2344	1167	4
2136	10945	3
2381	402	0
1597	6342	4
1300	9122	2
5290	1952	3
5116	337	2
3837	4578	1
3673	523	1
3785	742	3
1370	1369	0
3831	2527	0
8270	3337	4
2564	716	0
5467	5464	2
5224	20	0
7883	11632	3
6028	1918	2
2050	2049	2
4645	654	4
4132	2752	1
2013	8353	3
3569	1883	3
2388	2387	3
4136	1939	0
996	2290	4
448	2381	0
1701	2349	0
3206	89	1
1244	1243	1
6471	7270	2
4525	7597	1
37	2230	4
1164	5790	0
2143	2142	3
6774	6773	3
4679	2610	2
402	401	4
487	1008	4
1147	9545	2
6923	2385	2
753	6383	4
2058	727	3
482	1236	3
9175	9174	3
5811	750	4
3372	6457	1
11852	1125	2
1534	1535	4
2854	1762	0
11430	7965	3
4406	5692	3
2759	2758	1
720	2911	0
1137	100	1
10027	3811	3
2743	1624	4
5175	4175	1
360	3899	4
6471	3422	4
561	838	2
8076	9460	3
8185	1084	1
6295	114	2
214	3178	1
4405	2981	4
1707	744	2
1148	1147	0
2315	1487	1
6505	6306	1
2673	3118	0
8183	215	3
10073	940	1
5294	1707	2
2997	2996	3
1553	5007	0
4361	2092	0
8557	234	0
1238	416	1
7481	9428	3
2981	2980	4
996	3109	4
10387	8725	3
47	5107	0
1546	5284	4
5433	5432	0
3306	4768	3
8418	4085	4
632	2239	1
596	1261	4
2332	265	2
4681	2311	0
9191	1443	0
571	452	1
398	2036	2
9912	11780	3
515	5762	1
3204	1084	1
3321	6166	1
3839	2202	4
7216	8483	1
1717	853	1
1386	1089	2
9774	7370	2
539	4408	1
4	8968	4
7559	229	4
4933	9249	1
3146	3145	0
1314	1313	4
6031	1847	2
8395	6779	0
933	133	3
7231	4654	3
1463	2364	1
10543	10542	3
3630	2496	2
2388	5472	4
971	9036	1
6151	6154	0
3379	2606	4
3172	1582	4
7449	3606	4
4132	3366	1
2892	2101	0
401	976	1
11384	11383	3
4202	8919	3
808	9377	4
7074	2256	2
5407	1882	2
2347	228	1
2274	3551	4
2363	1183	2
910	4906	2
6091	2881	4
7430	1254	0
37	3057	0
564	563	4
5450	947	1
836	3774	3
1524	20	2
4588	226	2
323	7700	2
3684	1726	2
1025	3644	4
8341	941	4
4028	2689	1
9658	3118	0
730	596	0
516	9114	3
11774	7074	3
5535	5534	3
1058	47	4
1366	3596	4
7891	2689	1
1877	1876	3
9129	1904	3
2934	2082	0
666	320	1
500	374	2
2	2459	2
3928	1001	4
10271	2488	4
6272	8247	4
1372	5309	4
566	1287	4
1082	7158	1
787	2947	3
687	686	4
3399	3398	1
906	395	2
5301	5300	3
7917	677	0
10798	10797	0
8014	1357	3
3971	203	2
433	10324	4
191	2049	2
1871	4839	2
2878	1656	0
2673	1443	0
5085	5007	0
515	834	4
8063	8062	2
5198	2343	1
7865	4554	2
4252	2140	0
11373	11372	3
1604	9	0
1101	908	3
395	1047	4
10905	11506	3
2606	2605	3
7874	2050	2
5665	9551	3
5896	3337	4
9889	5963	2
8611	2437	1
3132	3993	2
6431	87	2
5785	506	2
10690	10689	3
2264	7186	4
732	2343	1
3300	4951	2
10181	8221	1
3616	3615	1
9139	2571	4
11136	2714	4
4986	1445	3
876	4780	4
1495	1960	3
1788	8088	0
4822	4099	2
1515	2389	0
3684	958	2
6802	9364	1
6272	11303	1
4919	1904	0
1943	4160	1
6972	5053	1
9827	5451	0
7521	9986	3
5600	18	2
322	5470	0
10939	2162	1
7130	1169	1
3133	2008	4
1286	9973	2
6672	6671	3
1821	5328	2
60	4101	1
9106	9105	3
9692	216	2
6223	6222	3
7479	8120	3
10558	2264	3
5466	9352	1
8396	747	0
739	738	4
1857	2305	1
7744	1250	2
5359	6449	4
6295	6714	4
10701	10960	3
3733	1224	0
4572	1828	3
4822	6993	1
6395	10004	2
4074	4073	2
2924	1724	1
9693	6724	3
11909	11182	3
1037	880	0
5387	1516	2
5016	9284	1
3028	2216	3
1262	2064	1
8836	5257	3
1002	4669	4
7026	1669	2
19	499	2
5784	7540	2
527	743	4
10935	2470	0
6702	1972	0
4832	6869	0
5612	5611	1
10414	4491	3
9643	6333	3
7755	5756	3
4781	5655	1
7721	1701	0
1840	1818	3
4658	12	0
828	5487	1
5553	3076	1
7142	3194	4
10859	6220	0
10838	2901	1
4301	4300	3
4874	4873	4
8180	371	0
9889	7681	2
6580	658	0
2014	1935	1
1743	3590	4
2070	3644	4
3020	1249	1
658	4087	0
2708	1592	0
4473	10710	2
3169	5387	2
3651	3650	0
1099	2613	2
5026	7655	1
8030	3137	0
9133	4291	3
4325	3067	2
2940	2821	0
5094	6421	0
2724	4754	4
3645	1001	4
1967	1966	4
5584	1505	2
565	1287	4
7465	9982	1
1183	3126	2
4501	10614	3
6133	686	4
4324	1425	2
4913	4143	4
6181	2052	3
2942	5455	4
4377	1052	0
3105	996	4
9105	1555	1
7342	5856	4
2822	4	4
1623	859	1
2487	557	2
1641	5377	3
6147	9530	3
397	1385	2
5251	9251	3
744	822	4
1210	4928	2
1263	5106	2
762	1179	4
8267	1457	3
11316	4971	3
2627	4873	2
7625	9221	1
3130	229	4
7274	320	1
1516	7739	2
3335	1231	4
234	2157	0
836	7008	1
4264	8935	1
2391	7464	1
1316	2155	3
223	1898	1
2347	2689	1
6505	3642	0
2995	10386	0
4073	2484	0
1113	1526	0
1205	9296	1
11272	10432	3
8985	5274	3
11253	3272	3
3284	1872	0
2659	388	4
764	6712	1
435	4224	2
4059	609	2
3394	1167	4
3894	3093	4
5199	6910	3
3752	3751	0
6543	3011	3
887	1234	4
1787	10004	2
161	3720	4
5977	1170	4
2385	5130	3
806	4032	3
4725	3525	2
5362	7639	1
6100	7700	2
1505	7260	4
795	11162	1
2436	3927	4
2052	2051	0
9058	1526	0
6136	3172	4
978	8217	1
4588	3254	2
2599	1243	1
769	3960	2
10193	7402	3
310	47	0
4342	4260	3
5797	2397	1
5804	5092	4
2902	9993	4
1745	6040	1
1583	10764	1
6811	3899	4
1604	987	1
4226	4479	2
2406	1084	1
3971	922	2
8362	548	4
7074	750	2
8603	1545	4
6572	3398	1
1386	4030	0
4789	9348	3
2202	1423	4
2337	6219	0
5451	287	0
5968	2405	1
1648	8221	1
6375	6747	1
3102	3372	4
8345	4478	3
3379	2592	4
8576	3315	1
6010	2302	1
2170	2171	4
6100	1456	0
328	1670	1
4250	1088	4
1286	1454	2
448	7595	2
161	2700	0
3295	4305	2
3668	1409	0
854	1571	4
1587	1033	2
10512	5582	3
8218	730	0
5481	688	2
6016	3899	4
1380	1037	2
158	9361	2
643	753	2
2972	1095	1
3389	4739	4
8743	9377	3
7129	2051	0
4333	1053	0
4268	1617	0
4470	1372	2
2135	2134	4
2654	4191	1
863	4038	2
4507	329	0
9907	6697	3
2183	1654	0
7151	3224	2
6582	563	3
4031	3864	3
8438	10369	3
10866	2453	2
2298	2713	3
5287	1127	1
5094	420	0
2958	498	1
1962	1655	0
4782	11086	3
9058	2278	3
4781	4780	4
6406	10455	3
6948	1555	1
11055	4674	0
352	351	0
10149	10148	3
5641	9109	2
1136	1727	0
92	138	4
3066	8590	4
2356	192	1
2468	3958	1
9395	10490	3
1561	68	4
9280	1279	1
3819	1724	1
125	11907	3
1515	1203	0
2850	2169	0
6981	6980	3
685	4090	2
4864	3571	3
1356	3194	4
7509	3786	3
2596	2595	1
312	192	1
4568	1004	4
3064	3837	2
6102	8711	2
6714	4512	2
3060	3967	3
3725	141	1
3497	6217	0
2622	4812	2
3606	1836	4
2578	3194	4
1693	58	2
2746	11136	4
761	1169	1
4305	1210	4
1915	1916	4
21	6166	1
2627	3887	2
995	11467	3
1099	3211	3
233	889	2
10964	6264	1
4458	2968	0
3880	6683	3
10673	2512	3
5457	2689	1
2206	2205	1
7868	1402	4
2849	2074	0
4892	2981	4
5680	8002	3
6874	4776	1
1879	1930	4
11360	3576	3
1660	3817	3
3163	2721	1
10644	47	4
1291	857	0
1872	2302	1
4778	9602	2
2101	5009	4
7553	7552	3
7479	7540	2
1602	59	2
1146	1145	3
3845	6025	2
3023	2472	1
10119	3365	2
8182	4324	2
8179	269	1
6765	6959	1
11078	11077	3
6791	853	1
5975	5974	3
732	228	1
592	1534	2
920	7308	4
3037	2599	2
6520	2169	0
722	9050	1
3940	2157	0
518	243	2
1850	7653	2
1086	1717	4
5823	6940	1
1323	143	0
6869	1655	4
7536	461	0
5602	5601	3
1343	143	0
11145	4660	3
959	3629	0
2627	6727	1
2653	7260	4
5043	8223	1
6310	6309	3
9742	533	0
863	617	4
379	4167	4
111	2234	4
790	1158	2
2622	3591	2
5315	7576	0
8487	7599	3
5472	21	0
1583	1582	4
2847	21	0
910	1286	2
6875	1135	0
3303	1976	2
3874	6903	4
7015	496	4
2776	7508	2
5009	2454	1
7907	2302	1
1314	6825	2
3521	5675	3
6154	10284	3
1022	1021	0
6561	6106	1
3395	1228	4
2536	5935	0
1153	2302	1
2467	2554	4
7302	1452	3
4021	2986	1
2272	2839	2
812	6727	1
715	967	2
5667	4871	2
8298	8519	0
1263	4828	2
33	822	4
706	2617	2
7104	2901	1
681	9547	4
3867	3866	3
11739	336	0
8435	2233	3
6743	10178	4
1535	2641	4
9880	1617	0
2493	559	4
1179	7931	2
7824	3860	1
3879	689	4
2361	679	4
5840	3048	0
1147	2055	4
1978	4733	3
3094	3093	4
2453	525	4
925	10520	2
506	3222	1
1623	4922	2
1286	1764	2
1050	3726	0
5618	8904	0
3874	3873	4
857	9397	3
205	7676	1
9847	4060	2
1981	3900	0
829	247	4
11164	2106	3
6598	732	4
5938	996	4
1444	461	0
7173	7172	3
4423	689	4
6827	897	3
1047	1995	2
275	117	4
749	3373	3
6219	3468	0
4129	141	1
397	603	1
325	1259	2
810	809	4
1285	4956	4
6532	4218	3
852	6458	1
4261	318	3
478	3278	4
1697	5646	3
7536	1084	1
1379	8260	1
4474	2629	4
6573	3130	4
1999	1770	3
388	9161	2
5085	1552	0
9994	2009	0
3242	1494	0
6443	2981	4
6453	1786	0
223	8055	4
5117	1871	2
118	2484	4
4876	4142	2
6308	6849	0
4311	8123	2
8743	7297	4
2220	1082	4
2811	6438	1
6028	8825	3
2358	6132	2
1019	5530	0
1725	11481	4
6692	96	4
532	8099	0
8197	4141	3
1851	1850	2
2922	4115	2
7778	11518	3
559	3615	1
5636	2348	2
5116	836	4
6780	6779	0
2988	5897	0
4332	1441	1
450	240	0
3217	4774	2
4418	1573	2
3241	2665	4
5780	2994	1
3671	7328	4
4259	7230	1
11975	262	3
8549	2418	2
1544	2697	1
2755	1370	0
7150	10101	3
246	1670	1
6483	3594	2
2219	10485	3
6172	6171	3
4210	4453	1
8627	1678	4
9928	1867	1
1698	1697	0
1014	6109	1
4841	7119	0
1503	3513	1
1756	1054	1
1684	7352	4
590	4661	0
9718	486	2
766	10447	1
2761	2739	3
4718	5183	2
647	3279	2
4753	4752	3
5635	2334	1
413	2875	0
2312	1443	0
967	4107	0
5103	4776	1
1274	89	1
1453	5870	4
5417	2102	2
1060	4772	0
6015	523	1
6362	1461	0
1052	3812	2
5170	2558	4
5001	4959	1
3025	3593	4
9740	9739	3
1669	4391	1
3343	7933	4
6172	5078	4
365	3942	1
9745	2445	3
9080	10877	3
4846	3291	0
1413	1412	0
9139	8223	1
1525	666	2
6868	8666	0
1582	3172	0
4850	4199	2
5170	1047	4
326	9305	1
7953	8460	1
1972	3868	4
6407	3471	4
3861	2986	1
5292	10707	1
395	5120	4
827	8294	3
6644	1509	4
738	6577	1
6248	7338	1
8458	228	1
1660	11200	1
6453	1786	0
8743	8569	4
2903	21	0
1520	4596	2
1286	2492	1
2667	2957	4
4314	5527	4
2290	2821	0
10291	3970	0
786	785	0
2169	20	0
7264	9913	3
2483	8978	2
5913	5912	0
906	11137	1
3927	7672	4
9769	6809	3
1629	4936	0
7022	3736	2
1832	6151	0
11570	11331	3
2498	645	4
5170	1591	4
1225	1313	4
2219	1225	4
2291	878	2
343	1914	2
2854	1052	0
6256	6155	1
5875	3337	4
6021	6779	0
3722	9547	4
7440	1040	4
10339	5690	1
6882	2051	0
1676	1317	1
3900	2150	4
5006	4206	0
1660	395	0
2985	2994	1
1621	5500	1
2519	3639	1
43	42	2
3347	1836	4
4524	4523	3
4882	7732	0
7465	3797	1
9115	10313	1
4775	2561	2
1679	8192	1
4615	2844	0
1846	619	2
1246	2311	0
1676	738	2
6849	7224	0
1081	3468	0
5061	5584	2
3071	12	0
1033	1516	2
3088	3087	3
1371	5716	3
5359	5379	0
2081	9529	4
3891	5053	1
9469	1523	3
190	1008	4
10671	9678	3
3551	1004	4
9504	2334	1
2430	1246	0
7428	469	3
789	3277	4
3468	2009	0
397	7537	2
5858	8870	3
153	9270	1
2990	351	0
10484	732	4
2808	2240	1
865	6	1
3395	2649	4
3214	3213	2
1443	1077	0
2654	736	1
8095	11388	3
4884	4883	3
2949	861	0
161	2008	4
1058	4873	4
6145	7992	3
7470	9405	3
1872	1138	0
6211	2689	1
1038	6708	2
9752	9751	3
4582	4262	3
3092	3091	3
1081	4645	0
6395	1285	2
8532	5738	1
3645	4669	4
2613	6544	2
1347	3679	1
191	999	2
9037	9036	1
915	236	1
1751	7039	2
3023	1397	2
7214	6642	3
4296	525	4
11138	3869	3
6266	1514	0
1437	2169	3
4674	1904	0
5736	410	4
1690	1552	0
863	722	4
3837	8949	4
3437	3137	2
397	4170	2
1523	4082	4
4643	8460	1
1648	750	2
2063	1412	2
3872	4569	3
784	586	1
2972	118	2
9198	725	2
563	247	4
1197	1196	3
21	7873	3
4677	3026	0
5983	1379	2
215	37	0
872	3809	3
3443	557	2
3086	8541	3
688	5408	4
1576	144	0
5934	677	0
2498	1688	0
4781	5732	4
2368	3853	4
1034	1033	2
492	561	2
9073	2239	1
6448	4959	1
4999	1487	1
7479	144	0
2038	9908	1
4041	7845	4
9668	1053	0
3227	947	1
2126	11386	1
2911	161	0
7440	1774	4
1278	1277	1
7952	7951	3
717	1147	2
1432	3493	4
2658	2968	0
734	5310	4
10625	10624	3
3978	5485	1
5694	947	1
3379	3333	4
1854	7310	3
243	1402	4
1028	3400	2
3066	3246	4
1244	11457	3
21	141	1
2233	1924	2
5788	3617	4
2388	390	4
4262	4558	2
2183	5950	2
3422	4079	2
3367	3396	3
5421	3243	3
1234	11978	3
6967	6966	3
9785	9784	3
2613	3525	0
7301	3941	3
7527	7526	3
70	3179	1
37	36	2
409	408	0
2074	5616	0
11172	2746	3
1152	1151	3
6110	555	0
2990	1409	0
2632	2214	3
4481	5960	3
435	10757	2
2032	1339	2
882	7434	3
11404	6455	3
2611	5759	4
1688	1592	0
3608	4898	3
9545	2613	4
7072	9236	2
4681	1443	0
7440	7643	3
1036	3931	3
2209	2208	0
669	6354	0
1258	8802	2
2407	133	2
4858	100	1
4338	186	1
4128	803	3
4139	420	0
2289	9172	0
1069	47	4
3117	2707	4
5895	1577	1
6509	3772	4
2817	1676	2
2291	2290	2
8314	2352	3
851	3110	1
3613	1766	2
402	6219	0
4290	2405	1
1370	5685	4
2612	5037	0
9404	9403	1
4249	2207	0
4157	2468	0
8963	322	0
9005	9004	3
3974	7535	1
6025	85	4
156	1038	4
2929	1456	0
3685	1442	2
6756	1086	4
1058	1162	4
6342	6437	0
852	732	4
3339	3338	4
869	1067	0
4249	9854	3
1180	1068	3
1158	947	1
2027	4666	0
5119	3845	2
1789	3179	1
771	11513	2
1492	1491	1
4180	11758	3
2230	744	4
6151	2492	1
3223	5610	3
2899	947	1
1060	6421	0
506	3141	1
3618	5062	4
486	1054	1
674	673	3
1818	744	2
6854	2208	2
10782	2714	4
4284	4283	3
1252	1628	0
63	1012	1
7071	5551	3
2834	154	2
3401	880	0
296	5559	2
3778	3777	0
2170	3023	4
1245	2005	2
5191	2968	0
1066	689	4
1798	3650	0
5616	3821	0
7537	2260	2
10269	5187	3
2877	11211	3
3625	6219	0
8418	4127	4
143	1052	0
11542	9765	3
3334	1591	4
9269	694	1
4264	1703	4
2310	9233	0
10296	10295	3
4098	4097	4
6148	791	0
3780	3779	1
9776	9775	3
3787	136	2
2728	5044	2
1423	2758	1
215	7950	2
3909	4726	0
5068	2484	3
49	48	1
3289	1540	4
1943	1942	2
1934	825	3
67	66	1
792	20	0
4736	586	1
1000	999	2
2513	320	1
323	322	0
7601	11139	3
1171	2079	1
2669	1832	2
1873	228	1
2612	4087	0
2613	1940	0
1920	3250	2
2989	287	0
8943	1130	3
785	1052	0
5647	1230	1
15	741	1
3845	4174	2
7131	633	1
4292	21	0
3578	3577	3
68	3904	4
5961	162	0
4767	395	4
1904	2700	0
3278	2079	1
3567	1905	0
5968	461	0
1285	1581	1
7524	7523	1
2693	153	0
6841	6840	3
9515	6264	1
6638	238	0
1614	5636	0
2997	3278	4
1551	4568	3
4184	757	3
2873	2452	4
7422	3337	4
1329	1158	2
4013	192	1
5516	2403	3
7251	4085	4
2498	1749	1
9642	6848	3
2802	4006	2
3066	2328	4
1443	461	0
4186	1399	3
5728	3272	0
3130	3337	4
2555	4808	1
397	4986	2
2312	461	0
8397	1385	2
6995	1510	4
3704	1183	2
1798	1617	0
9640	9639	4
4402	5732	4
7105	1762	0
5870	6973	4
6091	6757	2
2661	141	1
742	6564	1
1220	1254	0
5932	5931	0
762	317	2
2234	3129	3
6871	5414	1
4655	1670	1
516	342	2
2653	6733	1
188	162	0
2642	2641	2
716	656	0
5199	312	4
4479	9772	2
1025	858	4
3040	2402	4
1404	519	1
7890	10883	3
9119	4420	3
1408	2838	4
5267	4567	3
747	746	0
1183	5061	0
107	11163	3
1895	3853	4
1868	1591	4
486	947	1
4265	67	4
9771	1110	0
788	8293	3
4807	141	1
3175	5931	0
296	153	0
1327	4827	0
2078	2077	0
7311	2492	1
1287	3172	4
2328	7069	3
11038	2337	3
1682	3035	1
1572	6361	2
1541	2547	2
7176	7175	3
717	1441	1
1665	1931	3
6061	2139	1
4675	3	0
845	844	4
3802	2045	0
11883	1433	4
1821	3911	2
3172	8196	2
6035	486	3
3498	1981	0
7406	2689	1
1271	132	1
3645	1907	4
3404	3403	3
5820	2240	1
3081	1647	1
111	7607	1
2004	2136	4
2631	2821	0
2484	296	4
478	2992	4
2814	9540	1
4095	7937	1
1474	3873	4
1707	3331	2
2151	1095	1
7559	8247	4
2105	1167	4
144	940	1
885	4224	4
203	1400	1
2400	2399	2
8918	6284	1
496	495	1
8228	2199	3
9827	573	0
5858	8904	0
3458	4520	4
7744	5460	4
86	3360	2
7010	3426	0
8797	2404	2
792	2381	0
5531	4913	0
2055	1001	4
1524	397	2
1757	1851	2
1047	1902	0
9363	1555	1
5870	153	4
9803	134	1
2267	1751	4
4931	10142	1
52	4873	4
5918	3246	2
3026	5744	0
9358	9289	3
1403	1402	4
2151	4174	2
5360	9820	2
863	56	1
3842	7408	3
2616	1178	1
3067	3723	4
3760	4043	4
8589	4570	4
5947	1762	0
2101	5330	0
9927	3974	4
244	1751	4
1549	390	2
942	1786	0
5515	2384	4
901	1463	4
4249	6596	2
808	555	0
342	2551	0
3808	2073	2
5759	98	4
3659	1635	2
1575	3176	3
554	9197	1
1234	5554	1
1359	1358	1
6234	1163	1
8354	1225	4
3479	6832	1
2368	2689	1
8122	4327	4
2069	3840	2
6227	10356	3
7465	7140	3
1427	10110	3
3870	3869	2
8017	1976	4
878	2266	2
9144	4614	3
220	5422	2
1734	1733	3
4043	1708	4
4095	2402	4
7440	722	4
8741	8192	1
11804	11487	3
1653	4138	2
4229	4307	3
2288	2287	3
1558	4433	3
9266	3290	3
7696	3853	4
821	1255	2
1550	4391	1
7372	1996	1
3670	1195	2
7318	3645	4
4579	7961	1
5484	9066	1
7091	7211	2
11453	11194	1
3831	5218	0
11339	11338	3
2666	2107	2
5433	1522	0
6661	6660	4
3909	3242	2
7729	2309	0
5315	5314	0
6626	523	1
2264	2042	1
8468	1397	4
5341	1129	2
1918	1917	3
3052	3309	1
2976	1748	3
659	658	0
1496	6185	2
1726	6748	1
7931	2550	1
2080	390	2
3883	1345	3
1926	5120	4
8607	5191	0
1603	3532	1
162	1849	0
6780	5471	1
8000	1378	4
1050	1049	0
1057	1413	2
3928	2481	4
7344	8252	3
8888	1402	4
156	162	0
2707	3908	1
4634	5154	2
5673	2337	0
8965	9081	3
5459	5458	0
1582	4406	4
5525	5524	1
3941	3940	0
3979	395	2
1250	580	1
10723	228	1
3642	401	4
7004	7700	4
6539	10555	3
6286	1690	0
6658	7217	1
240	7029	0
4241	1648	2
3748	2821	0
3519	3518	3
8629	5305	2
1258	2826	2
1800	3168	2
2435	1526	0
3321	7193	3
51	50	4
1575	6789	1
6964	10375	3
277	2139	1
7032	2343	1
434	6304	4
9192	840	3
1876	3194	4
854	853	1
2000	4712	1
7016	4676	2
2398	238	2
4621	1052	0
2554	4305	2
784	1540	4
0	10436	3
6069	1698	0
2044	1841	0
1122	2558	2
4699	2958	3
4863	6226	0
4705	8356	2
785	5314	4
7356	855	4
8108	10044	3
2107	1867	1
1408	5861	2
10720	1761	3
3903	8086	2
2047	2046	2
2942	2036	4
215	1660	0
8199	8198	3
6015	5466	4
4810	7124	2
7886	7885	3
3943	3942	1
5251	4352	1
3111	9232	1
1451	1602	2
8334	153	0
8030	7297	4
438	437	2
3277	1033	2
2708	2661	4
2134	4169	4
153	2597	0
9426	326	4
3401	3833	3
1962	3344	0
6162	8619	2
6267	7004	2
11657	11656	3
117	7879	2
6661	7865	2
812	4085	4
9086	4252	3
3600	1757	4
4314	2109	2
20	744	0
28	8842	0
2211	4683	3
31	799	1
2608	1936	0
1162	9927	3
10618	100	1
36	1023	2
131	3755	2
2639	9097	3
1086	212	1
4810	3960	2
4566	9508	1
2419	2418	3
1525	702	2
10279	7038	1
3166	6824	0
2023	5576	2
8711	3905	2
2659	1058	4
737	4191	1
4734	2092	0
4726	10795	3
6466	6409	3
1859	1858	2
449	2966	0
3832	1840	0
4097	1583	4
411	1615	1
3427	2140	0
3993	1245	4
1117	1001	4
2355	2354	3
3370	5616	0
11054	9320	3
2220	1576	4
625	4776	1
2326	2325	3
8763	947	1
1504	1167	4
3909	3908	1
3040	4095	4
719	4306	1
3916	3915	0
10360	10359	3
737	3066	2
6769	4341	2
5643	5642	3
2438	1555	1
1765	3056	2
5317	395	0
2385	7090	1
1610	7677	3
3727	5107	0
620	984	0
4600	1096	0
11513	6958	2
1195	3402	2
798	329	4
1858	4107	0
4850	6392	2
4329	4041	4
11048	8443	3
7625	2629	4
5408	243	2
5871	4610	2
8156	8155	3
177	176	4
277	3612	4
2074	9917	0
7372	7371	0
1046	732	4
394	393	3
10569	7149	3
1217	6959	1
1229	1228	2
6659	9602	3
623	622	3
6621	7217	1
572	571	3
3974	1591	4
4258	492	2
1656	1068	0
6100	2305	1
6512	7567	3
1023	3040	0
3552	9817	1
165	1558	2
5359	743	0
5289	8109	3
1696	53	3
80	4666	3
3825	6001	2
2578	192	1
1944	5307	3
8178	5268	3
117	1177	2
4843	853	1
9091	9090	1
2715	2714	4
1902	2890	2
9419	9418	3
5502	4845	1
6935	222	4
10139	10685	3
4213	1512	0
7323	6536	0
2086	8348	1
6398	1052	0
988	1487	1
2958	5803	4
111	686	4
171	10035	1
9936	6265	3
9857	9856	3
4096	8594	3
2624	9302	3
4410	323	2
8285	2880	1
3118	1077	0
2893	7746	3
1691	1690	0
1954	1953	3
7481	6452	1
5411	2453	4
6193	1234	4
8926	1872	2
288	287	0
11128	8332	3
517	10595	1
8329	6168	3
5553	1126	2
1021	9721	0
5527	363	1
4904	983	0
7036	265	2
1527	4674	0
5968	2311	0
1060	7207	3
4455	4738	1
5248	5247	3
10012	59	4
5144	2386	2
11258	9127	3
1077	1407	1
2159	2158	3
2921	6492	3
4910	5843	2
9392	1277	1
486	6716	2
5237	7894	3
9594	3603	0
4247	192	1
3848	1084	1
6716	4932	3
5490	1313	4
5641	1215	2
1265	2481	4
6579	744	0
767	6139	3
5395	9719	4
7487	2689	1
1085	1443	0
2055	192	1
265	3176	0
2785	1765	3
5341	2629	4
1357	2519	4
11279	10810	3
2083	4187	0
2117	2788	0
8030	10707	1
520	49	4
3019	10128	1
4532	9564	3
1669	10526	4
2101	30	2
1105	11421	1
9874	4730	2
2898	10688	1
3194	4085	4
9156	5237	0
5167	5870	4
6339	1062	2
822	7266	3
441	7127	4
280	2622	2
2207	11324	2
677	1835	0
1091	5393	1
3478	1007	4
1960	5083	0
647	1534	4
47	97	4
1745	494	1
7625	4797	0
1172	2169	0
7595	2484	0
10121	785	0
5672	2367	4
4215	9299	3
4522	744	4
8207	785	0
6117	7972	3
2981	1604	2
610	42	2
3182	2132	1
2248	7343	0
3044	2612	0
191	4405	2
3096	3095	2
9037	6295	2
601	1186	2
8196	5162	3
2927	1487	1
6927	2592	4
1099	1105	2
3066	2981	4
2452	3853	4
6069	2989	0
7178	8911	3
277	4237	3
10224	9118	3
5684	454	1
7980	7979	3
464	375	2
1850	1313	4
4366	2239	1
475	6726	2
3551	1725	4
3837	3836	3
1296	8811	0
5069	5925	2
9316	10124	0
2591	1384	4
6338	10480	3
9298	4784	3
1727	11880	3
4763	4913	0
1047	2660	2
4482	4519	3
1459	1458	3
4460	9204	3
921	6061	2
342	4089	0
10279	6577	1
4268	4267	0
5	6686	3
880	7708	0
506	6449	2
3497	1461	0
5532	976	1
4925	68	4
2395	2394	3
3182	2452	4
3569	1053	2
2166	2804	1
6811	7961	1
3745	3508	1
177	2707	4
2738	4364	3
4791	1621	3
10131	10130	3
3300	378	2
11329	11193	3
6193	7593	0
3395	2105	4
3761	717	2
2396	5310	4
5977	2821	2
2048	5833	3
424	3303	2
4305	1619	2
557	2699	2
2170	540	2
9631	402	0
3601	3468	0
1101	6219	0
187	3029	3
6963	4306	1
5508	7556	1
9427	4399	4
3080	1840	0
7634	8811	0
9037	727	2
3058	2058	2
11302	2263	3
12	10487	2
8986	11511	3
24	1001	4
3420	2542	4
2388	608	4
8771	1487	1
2207	2305	1
1990	2934	0
9859	2386	2
7251	10598	1
7845	2169	0
5136	2140	0
4431	1904	0
5046	5045	3
4847	97	4
2038	2037	4
6171	5068	2
3535	2132	1
1530	189	3
5715	3222	1
8945	8944	3
6148	1052	0
2668	2157	3
11554	846	2
4250	7454	2
1761	7928	2
915	4453	1
2841	1321	4
436	2294	2
4432	144	0
2110	4252	0
396	1677	1
3360	7930	2
6563	3076	1
725	1265	2
7401	4579	4
1614	153	0
3155	3154	3
8099	1842	0
4662	1509	4
6555	6398	0
4864	3713	2
9674	9673	3
7156	3642	0
2120	2119	3
1474	6832	1
2054	2588	2
8099	3401	0
2653	6029	2
862	3751	0
3755	4418	2
2299	2150	4
7621	2584	1
2031	6031	2
4546	68	4
1500	5332	3
3614	3613	2
2812	3035	1
7524	6326	2
4772	3680	0
2094	2093	3
2045	2009	0
6188	3625	3
2990	1698	0
7103	6835	3
5777	3400	3
2312	2311	0
3334	565	4
1293	5229	3
7086	2107	3
5172	6495	1
8275	1179	4
7103	3085	0
1189	2649	2
3204	2405	1
8446	8445	3
2044	1627	0
3498	3900	0
7729	1526	0
805	2481	4
744	4168	2
10014	1837	4
8549	296	4
4366	5325	2
4076	4934	0
165	2076	3
3150	3149	3
11094	11093	3
11243	2366	3
8607	2435	0
3060	3880	0
8069	1555	1
4925	4775	4
5136	2207	0
3113	4505	2
20	5613	1
8363	2314	2
1271	9819	1
908	1872	0
9043	947	1
5968	1443	0
2398	3769	4
4717	5007	0
3340	9366	3
1414	6102	2
1762	2109	0
3645	2055	4
3098	5545	4
5530	331	0
6984	6983	3
6006	5592	0
3586	791	3
852	4470	2
4097	68	4
1695	1694	2
2993	765	4
6928	8712	1
3751	5007	0
4103	1904	0
5481	2792	0
7234	3033	4
2207	2481	4
3755	4797	0
1981	872	2
4634	320	1
3120	4772	0
1270	1269	3
6714	580	1
4699	1246	0
4224	2547	2
4871	1803	0
7202	5281	1
8164	2157	0
5527	1441	1
287	5243	3
913	294	2
1846	7336	1
6515	5460	4
5788	1655	0
3584	3583	3
3590	10176	3
468	467	3
5061	1300	2
5089	5088	3
4703	2069	3
907	9837	3
8091	579	3
10083	1707	4
1167	7590	1
5967	1555	1
1118	10738	1
3550	3819	2
750	2484	4
6988	2839	4
2711	864	3
7583	1265	2
2828	2827	3
5429	10353	3
5362	3026	0
6843	3416	2
2328	5837	1
3081	791	0
2468	2009	0
610	11560	3
3073	5060	4
3650	315	0
760	1604	4
1713	2132	1
1167	109	4
933	1867	1
8964	8963	4
545	544	3
4522	3860	1
3	2	0
5217	2689	1
1592	2384	2
5405	10595	1
6475	402	0
8164	2074	0
7905	5999	3
1072	2311	0
2436	4662	2
8969	1755	1
2699	4168	4
4546	701	2
9069	11501	4
2911	2633	0
7790	7789	1
5025	2493	2
4920	3244	3
10038	5017	3
5560	7016	2
5441	772	2
9720	1882	0
6289	2168	2
3808	6194	2
1035	1966	3
1931	1930	4
5626	6396	1
4064	2168	4
1543	1542	2
395	2150	4
4333	4571	0
4832	47	0
2940	1056	2
1246	461	0
20	561	2
5464	4561	2
9858	9007	3
2360	1719	1
4290	858	4
1119	2376	4
1706	1705	3
8918	1836	4
1246	1443	0
1055	947	1
6646	1224	3
6857	420	0
5530	4278	0
4218	6171	2
6518	5442	3
4406	2554	4
1432	1002	2
3466	7082	3
1274	4916	1
1592	743	0
9043	488	4
1138	4011	1
3643	3108	4
4434	862	0
5060	5059	1
6763	4796	3
2920	5919	3
1546	4327	4
4601	4771	3
1119	1274	0
216	118	2
7545	4406	4
783	4803	4
3545	3544	3
191	893	2
1701	4206	0
1008	388	4
1624	2169	0
7745	1629	0
614	11512	3
10935	3433	0
4698	1441	1
2557	11231	1
5822	5011	3
3033	8158	1
3239	3077	4
9031	5170	0
6296	4670	3
3959	320	1
616	615	3
642	5112	3
812	8843	3
1908	452	1
2543	996	4
7487	9345	1
11168	6831	0
1918	8709	2
3101	6832	1
1397	9899	4
483	3363	4
487	486	4
11873	11872	3
554	7593	4
246	2802	2
2422	1548	0
