8000
7982	10856	1
1729	2019	3
6243	6242	1
252	251	1
952	4221	1
7675	9262	4
10611	422	3
4451	819	1
2068	7993	1
1608	10297	1
1255	10665	1
2957	3430	3
9520	136	2
1082	136	2
9970	6477	3
6637	4764	0
483	985	3
2530	10565	0
10319	4171	4
2328	8127	4
11375	369	3
4665	367	2
9240	9239	0
2993	136	2
5510	1420	3
2636	2635	3
5375	1269	3
5584	324	2
6764	4723	3
620	2659	0
8374	4756	0
2442	3097	1
2931	161	3
3032	6377	3
3149	3258	3
2274	10	2
1265	108	2
4105	6961	4
3923	7109	4
11278	946	3
1351	136	2
8177	10422	1
7150	157	2
1741	26	2
3594	10	2
3281	108	2
1748	1747	4
1914	5309	0
7341	2661	3
1449	4677	3
3034	320	1
5639	1204	4
1446	789	2
6001	2439	0
2055	4744	0
9297	136	2
3763	3762	1
1174	1270	3
703	8045	4
68	6423	4
1915	11902	4
9655	4669	3
6100	10	2
172	1854	4
9088	11650	0
2690	2780	0
88	530	3
3242	157	2
10325	9944	4
6189	367	2
3412	3411	0
9318	2896	3
8922	8921	0
11153	1269	3
8097	2866	0
4941	136	2
4421	672	4
11456	2057	3
2098	2097	1
210	209	4
1032	1031	4
438	900	1
5132	10	2
4544	7043	0
10245	10646	4
7139	7138	4
6150	11268	0
4482	4004	3
6273	9618	1
5446	5445	1
3903	26	2
8541	1677	1
3204	4225	1
9190	26	2
702	157	2
109	157	2
7306	11101	0
8821	5928	4
10205	1377	3
871	8625	1
2923	26	2
1365	26	2
8659	285	2
913	10	2
6036	136	2
7783	3460	0
9383	9382	4
5123	104	3
3303	157	2
1374	63	3
1342	136	2
9161	710	3
1359	108	2
676	675	4
6162	8961	0
2298	2297	1
10467	4969	3
3511	3510	0
1808	3374	0
2513	5687	3
6395	108	2
6721	8730	0
6540	6539	4
6077	1162	4
1369	136	2
3310	3309	1
9528	4515	0
8334	1749	1
164	1447	3
10383	530	3
706	6456	3
9209	8822	1
476	285	2
6978	10051	1
6651	1851	4
7392	7391	1
8547	3545	0
6027	367	2
3117	26	2
3870	789	2
1911	1910	3
5434	205	3
3098	3097	1
135	1512	4
5356	7827	3
4941	136	2
112	4958	0
8457	324	2
5701	10681	0
3989	10839	4
527	279	2
190	10942	0
4384	6690	1
4283	6271	3
2087	7942	4
547	8170	1
9620	9079	3
1007	1006	0
5472	8903	0
457	8930	4
3974	108	2
2853	8899	1
9471	11276	0
2103	2102	0
988	8850	3
720	719	4
2548	1774	4
635	634	4
7517	8264	4
1050	5734	1
10049	10048	4
3937	3936	0
5055	4359	3
2838	6045	4
5264	839	1
9076	5687	3
4247	10637	0
5608	4147	4
1758	1995	0
3706	5787	4
9215	8894	4
6635	4357	4
2425	4680	3
3957	9553	1
3310	8647	0
7732	10760	4
6175	2815	1
5011	324	2
5970	4589	3
4870	5745	4
6763	7810	4
9543	4027	3
10443	1732	4
5172	279	2
559	558	1
4558	10	2
1064	418	3
6879	11821	1
9084	9083	4
6937	947	1
4647	2763	3
3978	10	2
5896	1652	3
505	7960	3
7378	5834	3
11540	1656	3
9883	6211	0
5810	789	2
4021	324	2
3921	136	2
4566	789	2
5995	1220	4
3647	9843	1
9261	2113	0
5043	7040	0
6658	10914	0
57	5541	3
6001	367	2
1803	285	2
4115	157	2
3282	3859	4
1871	26	2
5694	157	2
6529	3896	0
606	7593	0
11138	9390	3
196	360	4
4744	1204	3
6680	6679	0
9147	1581	1
1532	9134	1
5113	3200	3
4789	108	2
6576	634	0
4924	4653	3
5894	10726	4
5376	7395	3
955	6271	3
8487	2662	3
5192	5191	3
8782	8781	4
1815	285	2
9368	8229	0
10743	6816	4
10679	805	3
534	157	2
1943	136	2
1741	157	2
4404	4403	0
1731	1548	3
7313	1065	3
7724	2509	4
4067	5727	0
9999	5394	3
7301	11099	0
9914	3725	0
6298	577	3
1371	10	2
2841	10	2
2525	2524	1
8868	6551	1
3633	8555	3
7473	11469	1
9367	8518	0
5408	6017	0
2610	2609	3
4363	1249	1
2105	157	2
238	136	2
1366	136	2
2124	10995	0
7091	5831	1
1655	26	2
10781	1059	3
11649	5951	4
1805	10447	1
5203	10020	0
5694	367	2
3761	3355	4
5213	2770	0
3202	8818	1
521	2661	3
1769	1768	4
7200	279	2
3464	5515	3
553	11927	4
5409	4484	4
5702	984	0
6212	3315	1
3237	4920	0
5395	5605	1
1087	8493	3
5096	9301	1
2509	10796	1
5182	11791	1
6197	6196	1
1671	952	4
6010	6155	1
9437	3523	1
6899	1977	3
3897	4428	4
4362	4553	0
808	9951	1
8933	5341	3
3081	5881	3
6247	6644	0
4697	136	2
4455	10640	0
711	710	3
2554	918	4
9820	324	2
7955	7954	4
11919	11918	4
8565	324	2
11072	6872	4
4976	6663	1
1777	7448	1
464	26	2
7247	1573	4
7558	7557	0
3447	26	2
5454	5453	3
5676	3898	1
9294	11944	1
2362	26	2
1291	367	2
8178	10052	0
6445	6751	3
1772	367	2
8632	7529	3
5925	5358	3
126	7010	3
11831	9030	4
476	475	4
6991	2031	0
482	8714	3
4932	324	2
4266	4177	1
1836	7443	3
11378	235	3
4401	4400	0
6996	2971	2
450	11368	0
4418	367	2
93	6470	1
935	26	2
8188	8341	4
9019	1033	3
9229	4106	0
6864	2823	0
4082	285	2
3892	136	2
11658	1850	4
6380	8764	1
3671	136	2
7443	5622	0
8105	8104	0
2039	2866	4
7917	4705	0
1009	7971	1
5022	1172	3
1824	2903	0
9701	8916	1
6352	6351	0
10017	11291	0
7130	136	2
590	6406	4
674	136	2
2572	8468	0
6212	778	0
625	10	2
2972	2971	2
1575	1665	3
2398	5110	0
2807	2806	0
2238	3654	1
11367	326	3
2152	1375	4
2291	108	2
3485	8340	3
2153	367	2
1143	5537	1
3635	3634	4
70	8587	1
11180	6631	4
9533	6950	0
2411	157	2
5169	558	1
2063	8488	1
1992	980	4
6113	4214	3
3535	157	2
3469	1466	3
3300	26	2
9723	324	2
6303	8001	3
1174	157	2
6498	6777	1
7196	11400	1
7199	6367	1
1687	2381	3
2068	2591	0
3577	4417	1
5411	5410	0
9129	9128	1
9539	9538	4
5675	10830	4
3912	1692	3
285	2139	1
2508	8428	1
294	293	4
10710	10709	3
6529	9370	3
8551	6880	4
8331	805	3
3760	108	2
7878	11565	1
3561	2287	0
5615	5614	0
2274	789	2
3119	26	2
4392	4391	1
9938	10407	0
2726	1840	4
7783	10041	1
4002	4001	1
6357	8471	0
719	4464	0
6795	8967	1
2723	2722	1
405	2140	0
10954	9489	4
3818	6942	0
4476	4475	4
7432	279	2
52	1637	1
470	6514	3
1265	367	2
2425	2745	4
5731	5730	1
3682	108	2
1056	108	2
11517	4302	4
3798	1921	3
469	8641	3
2333	2494	3
7610	11232	4
5404	5403	4
7470	2197	0
1644	1612	0
5680	9299	0
7167	957	0
2845	3209	0
3365	3364	0
6894	5567	0
4974	4937	3
3724	6520	3
8757	355	1
11683	9629	4
1329	157	2
1553	1580	3
6888	11315	1
1237	6470	1
1055	2037	0
229	2994	1
11556	1122	3
1643	1642	0
368	108	2
10605	10242	4
6269	6268	3
1000	3294	2
724	723	4
7726	1843	0
8557	7725	1
9283	8935	1
6028	108	2
1519	5580	3
9076	157	2
4079	9508	1
3460	3279	3
2475	136	2
1655	11121	1
1726	324	2
9420	5407	3
1650	9788	0
3458	4158	4
380	4825	0
133	367	2
6978	6977	0
5906	457	3
1609	157	2
4602	653	1
1489	7967	4
9264	9263	0
1314	1017	2
9160	3657	3
2473	5442	4
4382	4381	1
7895	8	3
5720	5719	0
4835	4834	4
158	157	2
2304	930	0
7947	7946	0
2013	5147	2
10305	1237	4
8917	157	2
1115	1114	4
804	9044	1
1303	1302	4
3400	157	2
707	3184	4
8439	8438	4
1680	11432	1
9560	7247	3
2681	9255	3
7978	6422	3
6147	942	3
9092	9944	4
527	4215	3
5584	324	2
6386	1753	0
5591	5590	0
1484	1483	0
2649	7655	1
2867	2866	4
7170	4828	4
2704	8483	1
4076	569	3
1300	26	2
6563	157	2
7335	4716	3
9259	9258	4
6431	136	2
3801	367	2
10449	748	3
3671	136	2
3927	3926	4
9909	8999	3
6337	6760	4
3938	2542	3
5701	5700	1
3441	11936	1
5406	522	3
4575	5553	3
3704	3703	4
6462	6373	3
4870	914	0
5236	197	3
9437	7562	0
506	26	2
5907	188	0
6507	1752	3
8449	3290	3
6129	3024	1
9171	5807	0
10610	3988	3
2044	8634	4
4142	279	2
3992	179	4
7256	11098	1
5434	4952	1
7592	7591	1
5240	9858	4
6546	7594	0
10079	5368	3
10046	9558	3
3107	10541	1
1066	626	0
7109	3669	3
8987	157	2
1765	108	2
11112	7285	4
6792	1505	3
6861	6860	4
1597	863	3
9120	11898	1
4643	5557	4
4608	157	2
4806	2479	0
2264	10688	1
3976	3975	3
5741	11040	1
8156	5870	4
1891	2786	3
10396	457	3
10873	9081	4
11081	3668	3
4210	2277	4
8363	26	2
111	367	2
10778	10777	4
2741	279	2
5660	5678	4
3411	2129	1
2180	758	4
6231	6249	3
5236	9373	0
7814	11068	4
2525	1620	0
8175	8847	0
5718	5717	3
793	108	2
4834	8202	4
1874	1629	4
4829	680	1
4985	324	2
2675	9395	0
542	465	0
7956	8043	0
131	10	2
2626	8115	4
601	108	2
10292	6740	3
1809	8960	4
5065	5888	4
3023	789	2
2884	4544	4
10324	6073	3
3422	2447	0
7089	9065	1
7735	7488	4
3750	157	2
4250	10	2
213	212	1
3769	9408	4
2463	11496	4
1965	1964	1
407	285	2
5684	9923	1
964	5641	0
5575	611	3
45	44	1
1391	2237	4
1781	9887	1
7087	3293	3
9839	3509	0
9234	8573	3
4012	4011	1
1534	11357	1
1339	108	2
431	430	4
6710	10683	4
3066	10	2
8364	1214	1
2357	3079	3
5845	157	2
2948	10730	4
8966	8965	0
6436	7884	4
9647	157	2
11600	7239	3
5401	569	3
11102	11347	4
7172	9081	4
11056	5452	3
7387	324	2
6114	367	2
2231	10569	4
2840	10867	3
7179	63	3
1878	136	2
7737	1827	1
1878	749	0
11698	6382	3
6198	11149	1
1183	5733	1
7767	7766	1
3449	184	1
7703	7702	1
2213	6362	3
3550	789	2
3396	108	2
7017	157	2
8802	367	2
1153	706	4
1831	2468	3
5551	5550	1
971	1674	1
1251	136	2
4588	6259	1
1664	1976	4
404	403	1
709	279	2
311	6994	3
3978	3977	1
6074	6073	4
864	157	2
6862	8467	3
6962	4715	1
3529	1014	3
65	5498	4
2991	136	2
8796	8787	4
324	1437	3
9327	7407	0
8926	367	2
10839	136	2
2757	5226	1
650	5345	1
5610	8072	1
795	6965	4
9297	10610	4
11580	1505	3
77	76	4
6351	2960	3
2487	7448	1
7479	210	4
6205	4898	4
10143	8522	3
7206	7205	4
4227	7749	4
8710	361	4
8419	3201	0
10607	5269	3
8085	4822	4
9409	7001	1
2341	2214	3
1599	26	2
9024	6089	3
9434	11490	1
1018	1017	2
5945	4120	0
9836	367	2
8529	324	2
2526	7257	3
2001	70	3
5081	7284	4
2875	10875	4
3082	324	2
6812	4414	0
1975	1974	0
4672	9155	0
1148	6960	1
6968	8431	0
791	5565	4
6920	9512	0
250	108	2
2220	136	2
8745	9587	1
2761	2760	4
4931	6777	1
325	324	2
2749	835	0
7647	6142	3
722	4729	0
4640	4639	1
937	3479	3
933	136	2
3159	3158	4
1644	1752	3
191	10	2
1520	324	2
10742	4042	4
1908	3027	3
1144	1143	3
2999	2998	4
4843	1515	0
2566	108	2
8149	8148	4
6962	7382	4
8364	5935	3
5269	5268	0
9644	1722	1
10958	8104	4
8328	2160	3
10890	2705	4
3210	157	2
3499	1063	2
9031	4090	3
5012	9610	4
1498	2445	4
11689	7465	3
7162	3688	4
2418	3962	3
5890	5285	4
11369	6377	3
2167	157	2
6241	6240	1
10934	10933	4
299	496	0
2125	1268	0
2126	3249	0
4842	1127	1
2762	1286	0
341	3197	0
2055	3765	1
1369	136	2
4932	4936	0
3870	10	2
9653	8573	0
2141	1447	3
2601	3398	1
3521	4820	3
3202	3201	0
489	488	0
2658	1012	1
11074	196	3
1641	334	0
9378	279	2
10302	6477	3
3270	5253	1
4742	324	2
3968	1172	3
195	10919	0
724	3263	1
51	324	2
1685	10225	1
9711	256	4
7432	279	2
5290	5289	3
2585	9992	0
7949	5407	3
11053	8640	4
8327	5106	4
11989	9460	4
1582	8700	3
2854	10	2
2754	6109	1
619	902	1
11721	6994	3
2839	26	2
1568	1567	1
4181	3800	3
3161	324	2
4852	5165	0
9476	8372	3
11637	8784	4
2451	2450	0
6837	5301	0
3824	2618	4
9003	2125	3
5304	63	3
8756	2550	1
5626	157	2
6835	428	3
2096	2095	4
3397	10588	1
3446	9554	0
7294	1726	0
133	10	2
8917	136	2
3236	1387	1
10545	292	4
10044	2169	3
3481	4302	4
4044	104	3
3231	3605	4
2567	8716	0
2298	369	3
1709	6323	0
4002	7948	0
5400	5208	4
4674	4678	3
311	6483	0
1830	1829	1
8226	3270	3
1386	8985	0
4570	9483	3
5782	3800	3
7558	7025	1
348	3907	0
4915	10871	1
1342	26	2
9189	2079	1
244	9786	1
1056	157	2
3499	4553	0
5527	8391	1
8275	136	2
6810	3603	0
7582	5244	3
6802	2679	3
2335	7544	0
7248	2272	0
3550	157	2
5282	5281	1
1966	4357	0
1380	285	2
8746	6797	3
4248	108	2
4176	4175	1
7487	2807	0
9656	2415	3
6807	5605	1
3453	3452	1
8783	1292	3
4218	279	2
7932	2955	0
5245	1495	3
2481	279	2
9480	8329	4
8403	11328	4
4951	4950	0
9277	748	3
11243	3805	4
6833	2831	4
3106	1378	3
1861	9834	0
10144	1269	3
3502	157	2
327	326	3
7254	7253	1
7889	11572	1
7576	6031	0
2190	157	2
4634	7745	3
6751	10793	1
1262	279	2
5610	5609	0
4015	1065	3
4288	2785	0
5529	4633	0
7787	9038	1
6444	7754	0
2433	10423	1
8241	5363	1
5577	9879	4
877	157	2
10161	10	2
8215	4428	4
3774	1859	3
3978	5677	3
1404	157	2
9967	7053	4
4371	367	2
10662	4574	4
7204	9648	1
3300	26	2
1361	3910	1
625	108	2
426	886	4
1680	822	0
6846	2279	3
471	2198	4
2634	157	2
9659	2661	3
1331	6670	4
3555	26	2
9672	10006	3
6836	10446	4
1288	157	2
1929	10885	0
8891	5033	0
10266	1093	4
8059	1795	3
7272	2100	3
2821	136	2
3010	7382	0
8564	9892	3
5431	3061	1
9304	9303	4
1809	7023	1
7744	367	2
2622	157	2
1380	2998	3
8296	8295	1
958	1326	2
2634	157	2
8118	6283	0
1787	10756	1
3726	55	4
4130	424	3
4838	6718	0
2549	157	2
5141	10377	4
4366	136	2
10285	1952	4
6233	2960	4
6708	279	2
3704	324	2
2861	9892	3
4056	3560	3
11599	7431	3
6235	10812	0
6143	1711	0
4551	6202	3
5906	10721	0
6150	7867	1
362	5808	1
10577	10120	3
3549	26	2
478	324	2
6728	3808	3
1083	285	2
1011	1010	4
2776	6958	4
644	1859	3
8316	1703	3
3226	2389	3
10475	6347	3
3716	3715	0
11156	2182	4
1377	7809	1
3424	157	2
3122	4263	1
3254	4677	3
11685	11684	4
7397	324	2
5046	2661	3
4915	3988	3
3721	9455	4
3153	5314	4
5909	371	3
6048	11115	1
2686	285	2
3269	5818	0
1082	10599	0
9878	7798	1
3065	7423	1
1721	1720	0
682	5141	4
7813	8555	3
39	38	1
4270	7002	0
2257	384	0
1940	157	2
286	2279	0
8589	324	2
5654	136	2
8591	1816	3
33	1389	1
11420	2574	4
536	324	2
6807	9482	0
5632	5631	0
5736	1829	1
4280	6249	0
5214	691	3
10231	187	4
5782	5781	1
4295	10	2
8842	11764	0
8361	1283	1
614	580	1
4320	60	3
1711	9805	0
2395	810	0
10988	4716	3
8159	2221	3
7646	11789	3
6880	8091	0
211	6526	1
3034	1017	2
4211	4210	4
3546	10895	0
9041	9040	4
10113	1799	3
10084	6833	4
3938	3244	4
4810	324	2
4202	136	2
8854	6241	0
2660	1222	3
1494	3285	4
7671	7670	4
43	2085	2
1663	2272	0
9594	11050	4
4406	10374	0
1752	157	2
2017	10	2
6122	6121	4
6312	8538	1
1726	830	1
1139	372	4
8410	1423	4
467	7756	3
18	8061	4
8394	7068	0
3044	4937	3
7238	2092	3
9956	2886	3
2407	157	2
5290	1187	1
6487	208	0
2561	5070	4
9670	6089	3
3233	2428	4
5840	3404	4
3131	136	2
929	928	1
5927	6324	1
10842	2969	3
5783	7448	1
8906	8905	0
2056	10118	4
1929	279	2
4343	5536	3
3825	3824	0
3760	10	2
527	789	2
8012	1226	4
3775	8038	1
189	157	2
8842	9481	1
2530	5255	1
9920	9919	1
424	11897	1
158	1358	1
702	136	2
1414	9983	1
598	597	0
6372	6371	1
2299	1175	3
78	136	2
1321	1355	4
2025	6215	1
8872	4755	1
1985	6537	0
9145	4123	1
2973	1629	4
254	1141	4
7878	3596	4
7801	7395	3
1231	9696	0
9257	1225	4
8929	108	2
1594	1367	3
647	11672	0
1478	3707	0
11988	11931	4
1299	11458	4
1892	7454	3
10658	2379	3
1648	4995	0
2724	10076	1
7000	5911	1
11255	1765	4
3172	157	2
8730	2906	0
10201	10200	4
1205	10	2
4521	4520	4
3609	3608	4
7815	5010	3
8702	6720	3
5822	5821	1
4756	6278	4
7434	5446	4
6048	6047	0
7838	3290	3
9532	8367	0
9768	26	2
4810	324	2
436	10	2
5806	5805	0
2613	8314	0
2385	3062	1
5736	5095	3
3395	367	2
3520	2830	4
2107	157	2
5177	6662	0
5702	11029	1
2333	8054	0
4802	2013	0
2564	285	2
3346	3345	3
6174	10373	0
8422	6500	3
4021	324	2
3486	1074	0
6719	6311	3
7469	10792	1
4042	7155	1
2845	163	1
11216	11215	4
8609	7643	4
2197	6551	1
2073	4652	0
3851	2472	1
2561	4653	3
9261	9260	1
11049	5763	4
7277	4381	1
725	10	2
7611	9537	4
975	974	0
9356	4786	4
5199	10	2
2145	1253	3
7580	7462	0
3718	5399	3
5483	5482	1
2817	157	2
2267	3061	1
9242	1729	3
10694	9484	4
1073	5337	4
4907	787	3
1593	1466	3
5100	5099	4
7111	4861	0
2175	4584	4
1570	8346	1
8542	10867	3
6927	913	3
6277	11166	1
3540	10	2
8752	9237	4
4107	157	2
1676	1063	2
3939	3294	2
8893	10879	1
7055	8261	4
8469	9997	4
3878	8393	1
3667	3666	4
7382	136	2
1914	157	2
3289	4798	1
533	2632	3
1144	8143	0
5514	5513	1
8444	11965	0
3659	285	2
5508	328	4
2805	979	4
1573	2121	0
3618	285	2
4128	2245	0
4495	7	3
9322	157	2
3752	8680	4
9136	652	0
10310	10548	4
1667	9532	3
5474	5473	4
3419	3418	0
2022	1486	4
1941	2019	3
7811	4708	1
3163	10600	1
8973	566	4
1806	136	2
5491	3654	1
788	136	2
1413	367	2
6497	1041	4
3484	3483	0
6554	10993	0
2102	157	2
2016	1422	3
8539	8019	0
8532	11796	1
2692	2691	0
2833	7556	1
6805	6065	0
3060	3059	1
34	7332	1
9142	6085	0
2856	2855	3
3032	1277	1
7024	9677	1
2780	1279	1
1634	6249	3
5898	136	2
5941	332	3
6952	7244	0
109	157	2
11073	6392	4
6515	367	2
10473	10218	4
3441	3873	3
3659	285	2
2544	6821	1
9520	4669	4
8490	4763	4
1766	8750	1
6704	154	0
4321	1422	4
2783	10476	1
3565	94	0
7943	442	1
4266	3049	3
3597	1632	3
7403	1579	0
2109	5960	0
6428	2445	0
847	4760	1
10678	3873	3
2226	2225	1
2194	4812	3
1318	867	3
7252	1533	0
946	11187	4
3264	8575	0
8707	6423	4
4437	8653	0
189	26	2
1351	136	2
1436	8222	4
1685	1684	0
581	1106	3
629	136	2
8687	7523	1
389	2541	4
7405	7523	1
2772	108	2
2272	1017	2
8835	4250	3
1356	7073	1
9288	4677	3
496	4105	3
931	930	4
6102	6208	4
1339	10	2
1644	285	2
878	26	2
667	3340	4
6813	7278	1
7869	1253	3
4539	9888	1
10150	6994	3
2050	136	2
1034	1063	2
989	28	4
4301	7620	0
11693	6678	4
4164	3258	3
8328	6583	4
904	8900	1
11207	5444	4
4714	3079	3
2120	2744	1
9469	9472	0
917	1477	1
5452	5991	0
2785	2784	3
5130	4913	3
2971	6789	1
9105	5076	0
488	3953	3
2423	3668	3
8497	2623	1
673	6644	3
5662	10674	0
2006	3789	4
1940	157	2
6964	691	3
2264	2263	4
5615	6251	3
3413	1466	4
8731	5299	3
2666	9365	0
1392	1391	0
3726	1466	3
5725	11644	1
567	136	2
8686	8685	0
1812	9025	4
5344	987	1
388	387	4
5205	7054	3
2743	2742	1
4820	2019	3
3467	9633	4
6678	2948	0
2690	2831	4
11700	10288	3
11597	185	3
9356	5319	3
4463	9648	1
4059	108	2
1026	6503	4
2972	2971	2
1363	6858	1
6233	928	1
1541	285	2
9432	750	4
10381	4293	4
8364	11426	0
6788	5879	3
5509	5508	4
3671	3670	4
2563	2562	1
5921	26	2
1929	4609	4
2125	7639	1
8436	4936	4
1445	157	2
1965	7963	0
4209	6346	4
1494	157	2
5012	3648	1
9471	9470	1
2274	789	2
4380	4379	0
7977	1252	3
2182	2181	3
5776	10696	0
5316	422	0
8053	963	1
7151	5639	4
10170	2571	3
2656	5626	0
1878	8024	1
3330	3034	3
4404	3797	1
538	11462	1
4901	1414	3
1717	157	2
602	4671	1
5527	11433	0
6783	63	3
11134	1334	3
9337	5365	0
1796	6023	4
6729	5821	1
8943	3569	3
9862	1253	0
1344	1343	4
6675	6577	1
4360	4359	3
9209	566	0
787	2060	0
9052	9051	1
11617	5090	3
4526	1357	3
5066	5065	4
2232	2231	0
10419	532	4
3307	157	2
5273	1065	3
1552	1706	3
18	5801	0
3236	8633	0
4373	2401	4
8300	4977	3
120	2510	4
4844	4247	0
4462	522	3
2993	10	2
2366	482	0
1392	936	1
7802	1629	0
5507	1617	3
3251	7519	4
2801	10514	0
3744	655	4
2261	8340	3
323	8754	0
6434	4171	3
1431	4832	0
3970	6159	1
1261	2082	0
8514	8513	4
8375	2360	0
9533	273	1
9589	3359	1
858	577	3
9901	9900	4
3065	3064	4
3999	3998	4
7241	6093	0
256	255	1
4672	4671	1
4305	157	2
9025	6969	4
4336	4335	3
167	8014	3
444	157	2
7461	7460	4
5742	367	2
5780	10987	0
3974	10	2
9726	9725	1
805	477	4
2961	3076	1
397	285	2
127	3135	1
4161	1261	0
6999	1011	4
6094	789	2
6493	2706	3
1599	26	2
3780	5067	3
7104	2887	4
2394	5123	0
7389	7388	1
5447	1503	0
7123	7050	4
5175	6370	4
229	10536	0
5512	5511	4
681	680	1
4553	4552	0
10826	1799	3
9043	5532	0
232	2797	3
4687	4686	4
4612	10	2
10982	7454	4
10361	2421	4
2868	285	2
2867	3062	1
9168	2074	0
3582	93	4
2603	2602	3
1002	367	2
4183	11159	4
5689	10	2
2137	7704	1
5114	7044	3
8448	157	2
4071	4677	3
9123	9266	3
2904	10	2
233	157	2
9335	6202	3
7321	9232	1
2713	8500	0
5930	5929	4
1248	5399	3
5494	7328	3
321	10	2
10540	2061	3
6435	6434	0
5062	9544	1
9157	5677	3
3522	6209	1
11611	7548	3
8595	2085	2
1091	1090	0
6216	6130	1
2783	2782	0
9600	8223	1
8499	8498	4
151	1159	1
3491	3490	4
600	136	2
2362	157	2
11358	8850	3
8531	10041	1
7942	7941	4
10464	3293	3
6038	2500	3
8042	7579	1
5830	6483	4
2092	136	2
1493	576	3
9795	5966	3
10670	946	3
4805	4804	0
4908	1352	1
9664	72	3
2467	157	2
2166	5238	0
10676	8451	3
8691	4587	4
6874	108	2
6676	6604	0
1386	2329	1
5704	4022	3
3161	324	2
5741	5740	0
2521	2520	0
10119	136	2
1882	2085	2
6745	2577	4
11108	3664	4
6192	6191	4
2870	2062	0
6597	1087	0
1803	285	2
3815	9421	0
195	6681	1
5209	326	3
3809	4872	1
1967	9232	1
11051	136	2
468	2252	4
3183	3182	4
5594	879	1
9964	5178	4
2977	4522	4
2197	2196	4
8758	2305	1
11787	1629	3
562	10	2
5761	5760	1
1621	4916	1
2103	7423	1
7645	5360	0
1777	1776	0
11402	5127	4
7252	2871	1
7087	8228	0
8869	6883	4
7915	1829	1
11510	5530	3
8948	7946	4
9815	6240	1
1210	108	2
221	2661	3
1704	1703	3
4192	10327	0
2609	11871	1
2980	279	2
1715	7465	3
3710	10709	3
3870	789	2
1644	285	2
8646	11373	4
6535	367	2
9565	2405	1
5116	1063	2
1236	1492	3
3150	5656	3
7936	1492	3
368	367	2
2976	6279	0
4016	10699	1
4431	7339	0
4612	26	2
10990	791	4
3659	1879	3
8708	2112	3
5311	6870	1
1966	7029	3
7868	8874	0
5545	9046	0
8813	8812	0
6004	6003	4
1211	136	2
702	157	2
8571	3779	1
513	8682	0
10001	3665	0
3218	3217	4
7209	7208	4
191	10	2
7560	795	4
9559	9558	3
1373	136	2
4012	6200	3
663	1507	1
7351	2679	3
4082	285	2
9646	9645	4
3277	11635	0
5553	108	2
734	2222	1
1312	1311	4
7537	124	3
9354	1089	3
3421	7145	1
3996	11306	1
1356	1355	0
3521	3520	4
8536	8019	0
19	285	2
4197	2111	0
6290	1713	3
7947	9744	1
325	324	2
788	11714	4
2111	383	3
2471	367	2
7058	11362	1
6534	157	2
9439	8022	4
7077	1111	0
2682	9949	1
4173	4172	0
9200	3141	1
6704	2165	1
4545	8221	1
441	5756	0
5543	8711	4
4034	10775	0
1916	10	2
3946	108	2
4058	2623	1
4338	1033	3
2357	2356	4
557	2971	2
6756	11039	0
2098	3348	4
5215	1737	3
3766	10	2
312	8568	1
5876	157	2
7284	157	2
10340	6382	3
4583	5206	1
2133	285	2
6830	11301	1
3337	1495	3
6633	6632	0
5119	10	2
6848	136	2
7547	7546	0
2626	2625	1
8337	7332	1
1516	4811	1
4789	108	2
7382	136	2
6556	4560	3
821	10	2
6487	9979	1
5246	7050	0
6923	10985	0
4866	6760	0
557	2971	2
2089	6167	0
8	1065	3
7987	6993	1
2291	1387	1
8351	332	3
3447	26	2
2424	5316	3
4566	789	2
109	108	2
1224	2579	4
4851	3662	3
5289	7073	1
3807	3806	4
10344	3270	3
423	2730	4
645	136	2
1045	6502	0
600	157	2
11700	11920	4
1997	6739	0
9529	5532	3
6948	6517	0
407	406	0
5606	6064	0
956	955	4
1732	26	2
10579	8449	4
9228	1172	3
133	10	2
3085	4696	1
3409	2602	3
674	2887	4
4126	571	0
5050	3668	4
11197	3290	3
3317	157	2
10825	9552	4
7938	136	2
7620	136	2
4445	2569	3
3692	3691	0
4131	10714	1
5875	5211	3
623	9240	3
149	1587	3
4665	3079	3
5469	4668	1
7270	574	3
9548	7763	3
10429	4679	4
6851	235	3
725	367	2
167	7180	4
10271	6646	3
5852	11063	1
3569	3568	0
10334	4788	3
3825	2500	3
7141	2666	0
3926	136	2
8363	5640	3
5793	2854	0
2051	26	2
9376	9375	1
4561	285	2
6409	6408	1
3042	10524	1
8208	2998	3
5225	136	2
3865	4257	4
729	3680	4
2970	2969	4
10161	136	2
6150	157	2
3090	3089	4
9359	284	0
6814	3406	0
2258	2257	4
5678	7803	1
9426	644	0
9461	8550	1
221	220	4
10409	4556	4
4661	4660	4
3133	367	2
1463	4929	1
4037	4036	1
8321	11416	0
3948	136	2
5946	1806	0
2559	10196	4
2932	10028	0
1329	367	2
151	3016	0
6812	10953	4
3522	9958	0
5735	3555	0
6676	9050	1
7776	2968	3
1320	1039	1
7719	136	2
7775	8409	0
3412	10592	1
9144	3130	4
2400	10	2
775	8014	3
2085	7331	0
778	10292	0
2863	2862	4
10453	2389	3
6289	157	2
1408	3294	2
3300	157	2
4887	5971	0
887	1778	1
6026	7480	1
9233	4364	3
11165	60	3
8860	9375	1
5075	10521	0
7170	7169	0
1259	7390	4
10001	5253	1
4618	10142	1
9533	10502	4
2588	157	2
6114	157	2
6234	8305	0
4030	108	2
222	3625	3
656	3786	3
2105	108	2
8124	3099	1
9442	9441	1
1286	2085	2
2126	136	2
3711	10006	3
11762	5037	4
189	157	2
4213	8006	1
1463	1462	4
10098	10097	4
8693	11531	0
10802	5570	4
8766	124	3
2796	9596	0
4056	4055	4
5408	6504	1
1953	26	2
582	769	0
3421	1151	0
3896	6206	1
6553	6552	0
2956	2955	0
4040	7999	0
9546	3472	1
3074	11059	4
897	896	1
769	1432	3
7839	6858	1
36	5147	2
4447	11678	0
2084	395	4
4605	1172	3
7050	7049	1
1486	3658	4
1909	3472	1
69	157	2
675	2677	4
907	9028	0
11018	136	2
1576	5772	4
2487	11487	4
6467	6466	4
2478	6504	1
11660	3306	3
11946	7269	4
396	367	2
2566	461	3
4104	2391	0
6384	8900	1
5557	2381	3
4837	9738	1
4340	169	3
8619	4728	1
10848	1926	3
7592	5610	0
1426	157	2
1803	285	2
7368	6876	4
4782	3914	0
4044	8992	1
5016	10667	0
11164	2695	4
6321	5157	1
7679	7678	3
4722	3049	3
1462	1879	3
7126	5273	0
1578	1577	1
1610	10299	1
8277	6942	0
5736	2583	0
8636	3477	3
424	285	2
5082	8393	1
3684	26	2
8007	4393	1
4479	10389	0
6824	9662	4
4049	9900	0
6996	136	2
1265	108	2
7389	955	0
2060	2059	4
5404	8507	0
5931	8322	1
4415	1031	3
1474	136	2
9390	259	4
7814	7813	0
4286	4019	1
2098	2801	0
8588	8587	1
7946	1408	4
10910	9868	4
7300	4132	4
39	4074	0
3962	4352	1
486	1065	3
2878	8525	4
3121	5291	3
1258	178	4
4260	7486	4
8227	8226	0
1606	1605	0
1371	10	2
161	1043	0
8208	587	0
4301	7304	4
2989	2262	1
11366	9900	4
7550	5258	3
556	7884	0
4973	6441	3
9959	9799	3
1803	7309	4
2765	2729	4
480	479	1
5872	5823	3
1043	789	2
6757	10	2
1621	1620	0
2507	9976	0
10998	1492	3
6976	8765	4
3909	10	2
2566	108	2
2641	10	2
3071	3070	0
1174	26	2
7026	8346	1
331	3952	0
665	5837	1
8054	1505	3
10604	6732	3
2798	10440	0
7249	454	1
1666	3775	0
4231	10727	1
9632	6206	1
10109	9011	4
6655	9530	4
8849	4360	0
6161	5836	0
3081	3285	0
10216	9492	4
5834	10223	1
195	8183	4
2238	2237	0
6708	279	2
1342	3522	0
7775	9197	1
8536	10049	4
9346	7227	0
7728	9406	1
4894	4893	0
9447	9446	1
7091	136	2
3990	5513	1
6282	9384	1
11495	3045	3
9571	8061	0
4109	5720	0
889	2279	3
6971	9549	4
7762	547	4
527	789	2
520	3606	3
9846	9845	4
8920	316	1
4159	9424	1
5833	3317	3
8069	10	2
4084	1136	0
9655	10460	4
8837	6763	3
9552	5073	1
3068	136	2
10329	136	2
8219	3254	4
3802	9934	3
3397	3396	0
1853	5910	0
9287	3254	3
1508	755	0
2650	2649	4
2291	280	3
935	26	2
9465	8044	1
9672	726	1
4094	5264	0
663	8259	0
2993	10	2
2961	4590	4
496	26	2
3865	1099	3
3295	3294	2
4693	10063	0
6848	8338	1
5698	108	2
4705	157	2
8821	7259	0
5810	8078	1
3705	26	2
1656	2517	1
4652	5956	0
5680	1618	4
8541	294	3
775	774	1
4516	6327	0
4491	157	2
10261	6415	4
308	324	2
5058	241	3
1265	9707	0
545	731	3
7241	7240	1
6769	157	2
1554	279	2
2037	3177	4
1253	11716	0
7874	151	3
1732	157	2
6850	367	2
10815	8562	4
4114	4113	4
3163	6305	0
3023	789	2
7753	2550	1
2401	48	1
1072	10262	4
2099	157	2
2333	136	2
4716	10828	4
1805	2556	0
8516	134	1
9077	2476	1
2654	367	2
727	726	1
4249	136	2
3498	3497	3
837	8496	1
5924	1435	3
10759	7800	3
1087	26	2
5711	4641	1
3708	10	2
2818	1393	4
5165	5661	1
9275	756	3
814	3532	1
5039	157	2
4880	7642	4
8081	11614	1
8461	834	4
311	1120	1
702	136	2
7929	7226	0
4023	4022	3
1457	1017	2
11487	2395	4
9145	9144	0
11266	621	4
4063	3465	3
3859	3858	0
820	819	1
10970	3371	3
850	7183	1
377	3305	4
191	367	2
256	1180	3
7764	7763	3
7660	2662	3
8105	5948	1
373	6107	0
3270	26	2
5265	136	2
6515	5174	0
6211	8170	1
4440	4439	4
7361	26	2
2822	367	2
5861	11267	0
4932	3668	3
10602	2061	3
848	6460	4
9800	6329	4
4976	4975	0
5819	104	3
3775	789	2
9978	9467	0
4159	5874	0
1863	10337	1
158	108	2
3107	3106	0
11060	3346	4
9836	367	2
8612	3695	1
5694	157	2
7393	7055	4
2099	367	2
709	279	2
2872	7989	0
4990	2950	4
4584	26	2
1597	108	2
3752	5095	3
1399	6690	1
4353	4352	1
5366	10252	1
11725	10805	4
11626	5682	4
1930	5558	1
11653	7551	3
1246	9451	4
313	8405	1
4829	2009	3
1168	10	2
1086	566	0
5987	6217	3
4141	7529	4
5003	5002	0
2842	304	0
5845	367	2
191	367	2
674	136	2
2570	507	4
7268	1861	0
9267	9279	4
9420	8722	4
4794	9563	4
492	648	0
6756	7095	1
4544	10041	1
4227	9424	1
3638	7186	3
5190	10918	1
10668	1631	3
5335	7888	0
8272	5011	0
4448	4447	4
5693	5692	4
11126	324	2
6368	7500	0
5168	6369	4
4155	9460	4
7024	466	0
7879	10	2
6599	9415	4
7997	7996	4
2617	3326	1
8360	6416	1
4016	10	2
1238	3704	4
1919	3411	4
8756	337	3
8168	5521	3
8938	4615	3
2545	3774	4
7316	7315	4
2860	685	4
9314	1259	4
2251	10653	4
9653	9652	1
2360	8824	3
571	11053	0
6464	1573	0
602	821	0
6898	6897	1
7811	6161	0
2773	2747	0
9026	1143	3
5861	7852	1
1578	9772	0
6374	9133	0
9906	4819	4
1946	6709	1
4995	9612	1
7769	5388	0
11202	3692	4
5896	136	2
7960	3974	4
2915	2914	0
2538	4679	4
4224	26	2
1168	887	0
464	26	2
111	157	2
510	3317	3
6744	5402	3
4259	63	3
2786	10477	1
2857	26	2
8368	9461	4
2453	26	2
3030	5041	3
243	157	2
927	926	1
11792	7495	4
3293	10	2
9272	3574	3
3311	11713	4
3515	1580	3
2821	136	2
4539	2582	0
1171	26	2
2772	7487	0
5998	4926	1
6094	449	3
8269	8268	4
4428	6458	1
1406	1405	0
625	10	2
11331	2602	3
3496	2085	2
1469	3552	0
4724	8015	1
2013	2222	1
4958	3247	1
10024	7439	1
7819	4535	1
11491	7877	4
400	4710	0
10315	1005	3
3684	26	2
709	10	2
7857	1889	1
1042	108	2
3132	157	2
2634	108	2
2624	2623	1
7112	4475	4
4847	6797	3
2067	2066	1
891	9635	0
40	3860	1
276	136	2
6171	136	2
1210	1588	4
8334	1606	0
9947	66	1
6928	136	2
8772	6149	3
3839	463	3
4423	4250	3
17	3695	1
4076	4559	1
4374	3221	0
3047	4352	1
7864	9310	1
2723	4197	4
5818	157	2
939	10202	1
6058	5514	4
1016	2691	3
1735	4968	3
7321	4790	0
1079	108	2
11179	11178	4
3037	3036	4
5105	6036	0
7294	7293	1
1913	4543	4
7286	1057	3
8879	7054	3
2272	4841	4
2627	136	2
2491	2490	1
6654	6653	1
2174	2126	4
3161	3216	0
9164	8113	1
8702	10206	0
4000	324	2
8087	5044	3
1414	7154	0
1888	7568	4
7887	108	2
2801	2800	4
9488	9799	3
5062	367	2
679	1812	3
354	7381	1
11424	8188	4
250	108	2
934	8385	1
4301	1867	1
7367	7366	0
1554	279	2
8288	2214	3
4488	7543	1
5213	9494	1
476	285	2
70	9921	0
4318	182	0
1489	3175	3
6435	4167	4
4461	11867	1
5628	5627	1
2700	645	4
7180	5859	3
425	7962	4
7748	9126	1
8756	3825	0
10357	10356	3
2013	5147	2
8190	2072	4
3858	11356	1
11628	6659	4
2640	157	2
7945	3079	3
3077	905	0
10583	10582	4
11372	545	4
7316	3587	3
7714	7713	1
8605	8356	0
6532	3606	3
11962	768	3
6300	1023	4
3569	805	4
9002	10576	1
2772	2771	1
2761	7617	0
1304	136	2
1040	9661	0
10971	26	2
7291	1734	4
1597	108	2
3552	11126	0
4858	2480	3
2413	2100	3
2100	3574	3
9862	3838	4
5165	2072	0
2279	10	2
3356	2389	3
6499	976	1
3139	273	1
6459	4704	4
1978	1977	3
1485	5890	0
4397	5193	0
9526	9525	4
7502	8338	1
7612	324	2
3292	324	2
6143	2302	1
9585	8327	0
7199	7198	0
2167	8916	1
7490	7489	1
713	6073	3
4934	5424	3
8628	11254	1
2475	136	2
4612	26	2
1375	136	2
8235	2661	3
6889	5744	4
7040	1810	1
1339	108	2
9295	11945	1
1781	1929	4
6101	377	0
3959	1399	0
10709	9674	4
10079	10078	4
4449	9481	1
279	157	2
7472	1378	4
6090	6089	3
4789	108	2
7223	2009	3
6802	542	4
2017	11594	4
3305	3304	1
8326	11671	1
404	9548	0
591	26	2
102	2655	4
7537	9187	0
7327	3333	4
5515	157	2
6877	6876	4
2107	2106	0
4904	4649	4
3868	3811	4
9472	4722	4
357	4960	3
2216	157	2
9972	4532	4
7380	9871	4
2725	10465	1
9954	789	2
9280	493	3
3899	3898	1
5685	526	0
863	10	2
1929	279	2
4771	7116	4
962	1915	4
4662	8052	4
9654	3598	0
5902	8148	0
6387	5367	0
9611	6367	1
7091	7438	0
7078	2663	1
5382	2206	0
3767	391	1
10163	7800	3
17	16	3
2940	10527	0
10156	2468	3
2167	26	2
7897	4502	1
858	10	2
2912	4385	3
1830	9664	0
33	32	4
601	108	2
591	26	2
6129	6128	0
7365	764	0
103	7350	4
7265	3134	1
9316	5859	3
3640	4795	0
6919	9934	3
7908	8150	1
4104	157	2
8160	136	2
578	2117	4
6147	6146	1
19	285	2
367	465	0
3217	7307	1
7773	8576	3
7904	342	4
2650	60	3
3814	7756	3
3725	6251	3
6414	9041	3
2473	7956	3
8769	970	0
543	367	2
276	10	2
6804	6803	1
7823	8764	1
10723	2710	3
7004	10040	4
1501	2537	3
5197	7	3
3799	3058	0
5986	608	3
5942	63	3
1446	1755	1
493	7752	0
2760	6655	3
2355	10	2
3327	3326	1
6742	6741	0
4522	8074	1
666	665	3
8906	2186	1
2348	2020	3
7781	11248	0
1869	2815	1
5990	136	2
5597	5596	4
4284	6441	3
8704	2492	1
2028	157	2
4107	157	2
951	388	3
5702	1292	3
513	11797	1
6332	11009	1
2829	3669	3
5896	157	2
7283	3034	3
1227	1226	4
2872	157	2
194	26	2
4296	4832	4
9114	4458	4
4761	4760	1
1881	1960	3
107	5342	0
9404	5299	3
6782	6781	4
8962	11109	1
7096	279	2
3201	10245	0
8956	4669	4
9114	3286	3
5699	9570	3
1087	157	2
3906	157	2
5803	4653	3
4953	9268	0
3617	5383	1
7602	3801	0
8359	4982	1
7003	2285	3
324	8348	1
1599	3279	3
3416	285	2
10748	9059	3
8873	4589	3
5483	3079	3
4234	592	0
2622	2346	1
3262	8923	0
7762	10428	1
506	26	2
3410	7355	1
11755	6720	3
3647	4171	3
4901	108	2
1306	6523	0
5954	4493	0
2202	9016	1
4822	5306	1
8195	3234	4
744	10	2
1976	26	2
6655	157	2
7795	6217	3
436	10	2
303	9535	0
3264	3263	1
2244	4225	1
3480	2028	4
8804	6181	3
4018	4344	4
7067	9117	0
280	136	2
9015	9014	1
7111	1538	1
1391	6954	3
1379	1371	0
1980	1979	0
1126	8756	0
4530	8838	3
625	108	2
4224	108	2
7013	11013	0
3128	3127	3
8380	2134	4
1164	155	4
1031	4677	3
5271	26	2
2433	2432	0
4707	4301	4
769	157	2
6239	7875	1
1298	11485	1
762	2065	4
7379	7378	4
1399	1398	0
9546	1973	0
6378	10456	4
443	5469	3
3558	8584	0
3775	2342	0
2921	6956	1
6726	9391	3
5432	2500	4
1395	1394	4
5977	8064	1
6014	3392	1
6920	8909	1
11067	26	3
6107	6106	1
6523	63	3
7982	3333	0
2308	2307	0
2092	1288	4
2972	2971	2
261	10	2
9294	1878	3
3482	5618	3
5714	8025	1
4466	4465	4
3531	3530	0
1645	10654	1
5694	367	2
3787	5394	3
5830	7523	1
2870	2869	1
4564	367	2
4179	4178	0
3109	108	2
4659	4048	1
4810	7362	1
8465	3355	4
4906	157	2
3254	157	2
1064	3341	1
681	9443	0
678	677	4
8615	2166	3
3511	5981	1
995	994	4
2294	2293	1
5349	136	2
6339	10	2
6671	605	1
10253	7948	4
3008	759	4
6909	6654	4
2337	2422	3
4665	3649	4
8647	5362	3
3628	7902	1
6004	990	3
8606	9599	0
2324	2323	4
397	8385	1
2617	8013	0
8985	6456	3
10017	5324	1
6384	2467	4
5971	6317	4
488	976	1
1174	26	2
2904	10	2
8630	10450	3
20	324	2
5584	324	2
2961	10	2
1402	136	2
5298	4127	4
3835	1337	4
2092	315	0
432	1718	0
9916	3093	3
2183	8714	0
1265	108	2
7099	6747	1
2529	4749	4
6534	10868	0
6083	6082	1
1339	10	2
1502	2896	3
3533	11288	0
9498	3407	3
4777	4776	1
1501	3057	4
10022	7588	0
8077	8076	0
146	145	3
5496	5495	4
2400	10	2
1450	1449	3
5718	1214	1
4397	4396	4
3911	285	2
11545	9981	4
7036	5635	2
4165	4164	4
8660	7537	0
2949	11451	4
5969	1378	3
888	887	4
2138	9908	1
3579	8477	1
1787	2396	3
10868	9185	3
324	639	0
6110	7959	0
7924	7923	4
3773	4688	4
9450	9449	0
5010	10908	4
2575	1793	4
375	10	2
7755	7754	0
3117	26	2
6790	3734	4
9457	13	3
5711	5710	0
1912	7421	4
1136	1665	3
8202	11738	1
456	3371	3
5827	2915	3
10903	369	3
9680	8496	1
5694	157	2
9277	10277	0
6162	2517	1
4485	4484	0
3093	2085	2
5928	5289	3
4465	5539	1
1634	3740	1
4888	1760	1
2854	108	2
1231	1230	1
9147	9146	0
1306	1305	1
2448	10663	4
9746	429	3
227	226	0
7208	136	2
3340	3538	3
5063	1811	3
9113	3285	3
3340	4535	1
3270	3269	0
3979	136	2
2453	5687	0
2088	4677	3
4898	5877	4
4451	6338	0
7123	8040	0
1497	136	2
7742	8660	0
1453	10	2
6716	3669	3
6775	1429	0
591	6703	0
6355	279	2
7799	11252	0
1210	108	2
1597	11561	0
3375	108	2
2942	10	2
3455	3454	1
5523	10637	0
1010	7306	0
3557	3556	1
8846	1289	1
10058	9984	4
8005	10	2
729	7087	0
6923	10	2
9757	2023	3
226	136	2
974	10562	3
2233	6126	1
791	8938	0
2662	1916	0
3289	3288	0
9292	3498	4
827	108	2
1478	1477	1
9071	11749	4
3083	1129	0
1255	5512	4
8800	1548	3
2193	6635	0
6334	10867	3
7908	7787	0
5129	4950	0
2223	772	4
729	728	1
8991	6371	1
3017	8277	3
4899	11736	0
9227	2025	4
709	10	2
74	7307	1
5404	6166	1
6642	2165	1
930	4502	1
11758	450	3
3573	1254	3
10463	4624	3
5048	5047	4
2102	2971	2
5207	5206	1
11016	6863	4
9815	703	3
7353	10641	1
413	5339	1
7354	2901	1
1962	26	2
2164	1238	0
8189	8188	4
5774	5773	1
8572	541	4
2641	10	2
5770	3093	3
6339	26	2
3861	5432	4
572	1826	0
5177	1801	3
3393	157	2
10623	2678	3
5844	3202	0
3022	279	2
133	367	2
10854	2965	4
3172	157	2
4640	2757	0
8410	324	2
5793	2129	1
4367	1230	1
4470	8151	0
1323	2170	4
422	4454	0
5374	10288	3
7356	9819	1
3990	3989	0
9395	7085	1
3175	3174	0
9037	108	2
536	324	2
2291	10	2
2594	1689	0
652	8056	0
584	7269	0
2836	3610	0
2907	5380	4
3101	427	0
1545	11933	4
1329	157	2
5246	6126	1
437	3970	3
280	279	2
10379	6373	3
2542	5451	4
1193	5401	0
834	136	2
1326	8903	0
5910	1407	1
4628	9457	4
1355	1901	3
3769	157	2
3362	3361	1
7132	2886	3
25	24	3
2509	4534	0
1730	1729	3
1812	11438	1
8727	195	3
9085	7901	0
3595	3594	0
124	108	2
9708	6200	3
380	8014	3
9062	7756	3
3458	1625	0
5229	8006	1
920	279	2
1551	10286	1
8065	8064	1
7625	3294	2
8019	8018	1
6342	7257	3
5709	5708	1
864	863	3
6839	285	2
4590	4589	3
5719	367	2
7346	3781	3
5239	1749	1
3922	4775	0
6251	10481	4
216	9045	4
10220	2285	4
4330	11972	4
10414	5297	3
4324	7239	4
1022	3569	3
1918	285	2
7030	7029	3
4497	8900	1
3922	2986	1
1597	1346	1
161	8650	1
6013	3435	1
9417	945	3
551	550	0
7814	1014	3
3070	4651	1
6550	7827	3
5279	717	4
1069	11950	4
9750	20	4
6676	2249	3
3300	157	2
5666	5665	4
2565	9023	1
3387	10166	0
1629	8928	0
9168	6818	4
1482	3877	0
11800	9259	4
3129	9195	1
5119	10	2
3554	3553	3
2807	6530	1
11478	2048	4
4342	1144	0
7987	701	4
2387	6527	1
2054	10	2
1599	26	2
3774	10660	1
2720	4792	3
5149	2641	0
8657	8656	4
9218	7591	1
1371	10	2
3872	10104	4
8728	8727	0
2516	2188	3
9512	7362	1
374	9059	3
3439	3629	3
1966	10764	1
5797	8182	0
4029	2884	3
2745	1859	3
5305	558	1
2105	108	2
2081	367	2
6738	5266	1
2054	108	2
9574	5177	4
5305	3543	4
865	157	2
1526	142	4
430	1572	3
7114	7113	0
5562	5561	1
8497	3553	4
8052	8051	1
604	603	1
6942	2661	3
5129	8373	1
5515	157	2
4039	968	1
8820	11577	0
5389	3647	0
8330	2937	1
3685	4031	4
9077	631	0
11039	4836	3
834	136	2
7877	4411	0
8106	7272	0
1329	1267	4
2642	136	2
5221	2058	4
6595	7866	0
2444	108	2
194	26	2
7309	324	2
4047	4046	1
11389	4567	3
10799	26	2
5267	9754	0
10368	2523	4
10040	2422	3
7060	5862	0
162	285	2
10050	16	3
108	4058	3
7459	9885	0
1168	157	2
3091	2824	0
8877	8553	4
4224	26	2
8384	4224	4
8958	8573	3
8402	8401	1
3480	1449	3
9740	1383	3
1861	324	2
3791	6810	0
11674	763	4
5865	7681	0
1551	5267	3
4170	6473	4
1254	4928	4
1868	11861	1
11587	7161	3
1331	1330	3
5575	3294	2
2941	6934	0
3689	6284	1
5861	2914	3
9381	6797	3
5678	1422	4
1549	1548	3
665	1708	0
7150	108	2
9727	5301	4
7734	619	4
3913	157	2
8880	4194	4
3606	5146	1
4401	10772	1
5152	3074	4
3612	7213	1
2200	5859	3
1504	136	2
1008	5316	3
5809	5808	1
491	490	3
3293	10	2
2230	10	2
10520	6393	3
3643	4282	4
3904	11395	0
840	839	1
2080	5228	1
564	279	2
7728	5841	0
2217	5010	3
6757	367	2
4124	4123	1
4208	10	2
5397	9216	1
744	10	2
553	552	0
4040	64	1
5533	5532	3
10036	4389	4
858	10	2
781	1169	1
422	56	1
5077	5076	0
7022	279	2
4584	1999	0
6375	4104	0
9035	7195	0
5282	7843	4
7694	9370	3
6290	2597	4
5973	5972	4
2145	2144	4
1896	10490	4
3476	1435	3
4384	4302	0
5409	3304	1
8171	7292	1
1483	4739	3
409	11418	1
5845	157	2
2624	10003	0
1932	3252	0
312	4901	4
10161	5579	3
6442	5226	1
6970	5476	4
5446	8692	0
4459	279	2
9718	826	4
3044	3043	0
814	813	0
4899	4898	3
5855	4676	3
2688	2687	1
289	108	2
1371	2499	3
5764	6554	0
816	9621	0
2413	2412	4
2333	136	2
11719	1168	4
7950	8576	3
4196	2471	0
5868	1045	4
1339	10	2
1446	10	2
6195	9110	0
4343	7532	1
11557	5521	3
11874	8912	4
2622	136	2
4971	4970	4
6516	11231	1
4128	8601	1
11176	185	3
3432	7357	0
6828	9846	0
8726	1649	1
3400	157	2
6157	6156	4
5499	5498	4
2672	108	2
4768	1286	4
5529	498	1
6615	6589	1
2316	498	1
10119	108	2
7640	7639	1
6258	6257	4
1574	1573	4
2622	7974	0
113	7131	3
3196	6732	3
68	26	2
783	2784	3
8241	9168	0
5	367	2
3601	2698	1
1902	10487	4
2936	2344	4
5838	3285	3
2838	3186	0
484	324	2
8081	6020	4
3242	3149	0
9004	4788	3
1871	367	2
451	108	2
10342	805	3
7880	3038	3
568	3099	1
2551	1931	3
7891	1880	4
816	815	1
3493	8	3
11595	4733	4
702	157	2
5392	5391	0
4709	450	0
6348	11569	0
5572	5571	1
4078	1559	3
1023	108	2
521	8279	4
4790	422	3
6356	6355	4
3283	3282	0
2104	6808	4
3754	2061	3
9395	9394	0
9319	2535	3
3161	495	1
6706	283	1
2403	1823	1
464	26	2
156	155	4
9650	26	2
4761	7024	0
1890	1889	1
2680	4966	3
1692	8109	0
8636	4054	0
10214	2117	3
6193	10800	0
9978	7511	1
1117	108	2
7784	3608	3
1976	5500	1
1794	1010	4
4468	3093	3
872	157	2
6466	6982	4
10111	5741	4
1759	1758	0
42	3556	1
4342	6228	4
1520	324	2
4667	3556	1
3643	2097	1
6399	1254	4
502	10262	0
539	157	2
2898	3279	3
2579	2578	3
6611	10031	0
5022	10	2
7877	11564	1
7452	7451	0
4884	10273	4
3704	324	2
162	285	2
6739	1893	4
10461	364	3
7738	8255	4
6176	6175	0
7387	324	2
3224	9354	4
4771	2563	3
2611	1983	4
8136	8135	4
2451	3286	3
8783	10642	4
2787	157	2
3023	4499	1
5267	5266	1
917	8748	3
8465	136	2
8715	5712	1
8412	5333	0
8849	11823	1
8758	798	0
6237	4836	0
679	5737	1
5954	4606	4
5743	3083	3
8633	3079	3
7778	7777	4
6731	10513	4
2649	3982	0
4649	4648	1
7035	1175	3
6734	6733	1
7011	7010	3
2355	157	2
3961	10691	1
10	6564	1
5686	9684	4
7084	6298	4
6882	5206	1
1976	1384	0
4138	4924	4
2521	3038	3
6538	701	4
1516	6565	0
5572	7299	0
506	136	2
6918	2750	3
8703	11771	1
6574	10896	1
1549	26	2
1811	2669	0
620	7665	1
9255	1138	4
5830	5829	0
3023	10134	4
4819	4818	1
2314	2313	3
6201	6200	0
1258	11651	1
2068	2206	4
6031	26	2
8942	8707	0
2601	898	0
4008	1263	0
4383	816	0
2657	279	2
1262	789	2
1971	1103	0
6394	6393	3
5774	10695	0
4420	10382	0
2588	26	2
1634	1633	4
656	10	2
1932	603	1
354	353	0
2838	26	2
1437	279	2
7583	136	2
7082	2117	3
10538	2360	4
6064	662	0
5629	1389	1
3498	7202	0
690	3034	3
2535	10603	0
4146	2855	0
2312	4723	3
8182	367	2
2245	279	2
6372	5591	4
3856	9706	1
5678	2746	0
543	367	2
1265	367	2
2082	3315	1
4428	4427	0
3913	26	2
6164	10229	0
3808	8424	4
5870	5425	4
6165	9206	1
6394	10266	4
5153	5152	3
5272	157	2
7322	9266	3
7906	7905	4
1354	1353	4
1973	5807	0
4887	157	2
1504	367	2
4098	5424	3
665	5928	4
1291	10	2
1591	10	2
4730	367	2
9256	9255	3
4908	9821	0
11342	5299	3
10022	9937	1
7685	3365	3
2153	157	2
1687	1702	4
3817	3816	1
8954	2740	4
3312	10575	1
3864	136	2
5688	2242	0
2588	26	2
1525	1670	1
505	136	2
3985	9524	3
3775	5541	3
1265	1572	3
6968	26	2
70	6331	4
15	2259	1
8993	4619	1
1017	8431	3
9794	3287	0
811	26	2
4131	4130	0
4534	1488	4
2283	5243	3
8979	1242	3
3022	11183	4
7741	7694	4
9503	2708	0
8108	8425	4
4313	4312	4
8532	9392	0
9109	8555	3
1709	9801	1
11555	9338	3
1672	1878	3
840	9889	4
10557	1587	3
5077	4691	1
965	5248	4
2940	26	2
528	527	0
9278	4166	4
6303	3898	1
6435	10639	1
1121	1120	1
8999	8998	0
2895	136	2
613	3991	3
1587	11446	0
11581	52	4
3356	1498	4
2272	4550	1
7354	7353	0
667	136	2
1639	128	1
3959	4845	1
394	11114	1
6338	6735	3
9159	7427	3
4295	8309	1
3572	3571	3
2318	7268	4
4216	4215	3
1286	10999	1
9742	5607	1
8147	8447	4
7800	3574	3
1902	157	2
2794	2793	4
734	8956	0
1061	136	2
8068	2297	1
6921	186	1
1070	9962	1
4636	9373	4
11921	6510	4
9336	439	1
2563	9985	0
5115	285	2
5315	4773	4
10638	2468	3
7142	5493	4
6314	1722	1
3613	8066	1
1463	157	2
6713	6712	1
2254	108	2
768	10	2
5682	1490	1
7693	5725	3
4190	2074	0
922	108	2
8273	833	4
2215	9968	1
7625	2682	3
7117	10041	1
2988	26	2
2494	2019	3
370	369	3
4659	2518	0
2754	157	2
26	9062	4
4283	1766	0
3323	7736	3
820	7620	0
3739	26	2
950	949	4
1320	1319	0
366	367	2
7067	2499	3
2200	7615	1
6943	9646	3
2919	175	0
1767	6544	4
6506	1192	3
72	9629	4
2955	1665	3
7612	8555	3
1953	26	2
1051	859	1
1379	8650	1
1673	2499	3
1909	8159	0
2424	942	4
1557	6934	4
6397	11199	1
685	684	1
5316	6140	4
7367	10846	1
7560	7960	3
81	4671	1
9869	450	3
7824	157	2
7956	9033	1
7897	2520	0
8166	8165	3
3064	6823	3
415	157	2
7126	5662	4
9219	7964	3
4620	8658	0
6912	10659	1
8531	351	0
3252	3251	3
7929	2730	3
2946	750	4
3404	3608	3
2780	2779	0
7178	1713	3
4310	4309	0
3426	8714	3
738	285	2
6025	26	2
7642	7518	4
1313	1013	4
3543	1876	4
6911	9460	0
1845	11200	1
2992	367	2
3185	157	2
6571	11242	1
4716	136	2
3575	3574	3
1981	367	2
3130	2338	1
685	7975	0
6628	2519	4
6278	2632	3
2739	2602	3
3419	10549	1
8291	11770	4
8121	2819	3
1652	8289	1
4945	6528	4
3085	4030	0
7028	7027	1
7578	6933	0
11588	2660	4
10	2111	0
5119	10	2
5035	10345	1
261	10	2
1467	11670	1
4233	136	2
5797	5796	1
2913	5640	3
10519	6188	4
1623	1059	3
1539	1538	1
4821	4820	4
7428	2704	3
266	9690	1
4387	7890	0
5486	10980	1
4809	5853	1
785	279	2
3980	3979	0
667	10	2
5364	5363	1
6077	8840	1
6326	285	2
2103	624	4
1158	9116	4
2983	4872	1
1570	1569	0
3231	2563	3
4282	4659	0
4569	10656	0
7288	157	2
7106	285	2
6239	2366	0
3586	3585	4
5635	10892	4
4724	7738	0
8915	8914	1
6582	6581	4
3357	2936	4
1800	157	2
863	7913	1
108	7573	0
6132	324	2
1625	1624	0
1711	1710	1
1614	7213	1
1413	157	2
7816	1793	3
413	2594	0
1914	157	2
9155	11525	1
8475	8474	0
6923	10	2
117	26	2
4594	8496	1
3094	6598	4
1300	26	2
6510	2173	3
5252	10	2
455	5270	0
1489	136	2
231	5530	3
2113	136	2
3234	3233	3
2255	5515	3
6117	108	2
4060	367	2
8655	1998	0
40	601	4
11293	8717	3
4213	4848	0
11753	3671	4
2011	8397	3
4594	4214	0
10304	11100	4
444	157	2
7386	3845	4
2007	7590	1
8053	326	3
3401	6971	4
5046	6130	1
8370	8369	4
8308	721	1
3632	3988	3
8864	3669	3
6498	108	2
5327	5326	0
4245	4244	4
441	4758	1
4577	4576	1
9714	2027	3
2102	2971	2
8660	9663	1
389	136	2
2617	157	2
1342	26	2
9675	4191	1
5082	9788	0
1002	367	2
7919	10202	1
5694	367	2
11640	2100	3
7699	26	2
10514	10356	3
7042	1898	1
243	2738	3
11783	11782	4
4630	11123	4
5786	1269	3
4382	3440	0
11391	11189	4
5936	1450	4
913	136	2
4199	5724	0
551	10153	1
5694	157	2
2838	26	2
3040	8938	4
3296	449	3
11473	5677	3
8178	7023	1
9953	8714	3
6996	2971	2
884	418	4
5957	789	2
2938	10075	0
8253	5289	3
2838	26	2
9223	9222	4
9863	4819	0
5977	1740	0
8340	8550	1
1533	352	4
1257	7206	4
9852	5352	1
4240	4239	3
4657	9509	1
5311	3233	3
9581	2422	3
2296	9567	4
9611	8267	0
7462	5585	1
3088	3306	3
5742	3781	3
6855	4859	3
8855	7427	3
7680	3752	0
823	367	2
11409	10	2
2594	3676	1
8872	5075	0
9571	10050	4
2586	8853	0
2159	4659	4
8823	9028	3
8871	9014	1
2738	11075	0
2455	2454	1
1988	91	0
6091	279	2
5721	3010	4
6726	26	2
5497	5403	0
2821	157	2
4652	2552	1
8183	5172	4
793	10	2
4734	8094	1
8128	8127	0
3663	3662	3
1250	157	2
11599	1628	4
1593	10	2
11311	9466	4
2316	6517	0
11431	7414	4
3318	711	0
1652	108	2
139	7	3
6117	157	2
679	26	2
6718	1763	4
1056	108	2
7173	26	2
1117	108	2
534	157	2
8138	8137	4
901	2428	0
6080	1059	3
6629	6393	0
9764	9671	0
3451	10598	1
835	604	3
3353	5528	3
8084	1625	3
1451	10	2
998	658	3
2975	2974	1
8551	10602	0
1844	7945	0
7382	10	2
8317	418	3
3260	3259	4
2998	279	2
3624	324	2
10275	789	2
5044	10	2
3815	5236	4
789	157	2
2927	26	2
4492	157	2
74	5579	3
2793	771	3
7650	3079	3
5385	5269	0
5235	5234	1
11297	2518	3
11731	6633	4
11083	7443	3
7782	9895	4
5548	6706	0
1066	7134	1
6742	5655	1
4860	285	2
3719	3718	0
9848	3004	1
4412	8072	1
4074	157	2
11875	353	4
11476	4015	3
11158	3200	4
9440	7764	0
288	847	4
5027	9040	0
2723	8323	0
3527	3526	4
5925	6357	0
6152	2886	3
7876	4027	0
1985	540	3
7598	157	2
6845	687	3
2963	1801	3
2889	2888	4
7470	399	1
2608	157	2
1248	136	2
2656	1127	1
3117	10	2
3907	2768	0
6701	4841	3
906	285	2
4933	5247	4
250	6311	4
398	7313	3
2953	2472	1
5008	285	2
3724	8834	1
2496	2029	1
8527	1684	4
5120	5119	4
4566	6275	4
7052	6382	3
6034	1706	3
8979	10060	4
140	9958	4
2560	2559	0
5232	3038	3
1128	3569	3
770	152	0
4104	6963	4
2620	4502	1
1007	424	3
5784	108	2
2496	10698	4
6417	671	3
5606	1935	1
4168	4963	4
3429	3955	1
1914	1121	4
8802	10062	4
154	5111	1
3624	324	2
4693	9249	1
3057	6236	1
2069	2493	4
5148	6884	4
7771	7600	0
11126	324	2
5842	9716	4
3704	6735	3
8290	6311	4
2459	26	2
1693	26	2
2895	136	2
7159	4781	4
6107	10262	0
2362	8234	0
1576	9206	1
4588	9438	4
8106	9717	4
3728	5869	1
8562	7789	1
2713	9648	1
8392	758	0
8838	8538	1
5789	5472	3
8216	1226	0
7297	63	3
8376	963	1
4441	285	2
5143	4936	3
1734	6901	4
8098	11173	1
817	10	2
8852	10889	0
133	367	2
3488	285	2
3888	367	2
7396	9214	4
4759	26	2
4286	4285	4
1298	7218	0
1585	10289	1
3475	3474	1
735	734	0
257	5278	0
1995	1445	3
2069	10	2
6364	367	2
1936	5226	1
10956	4552	4
1186	10	2
2684	136	2
8599	8367	4
6091	10	2
939	938	0
11489	11488	4
5070	3953	3
8777	8776	4
2235	6287	1
1014	20	0
2435	9138	4
7932	6159	1
1593	136	2
7701	391	1
6466	1625	3
2743	1038	4
724	11784	0
9486	2379	3
1609	157	2
3367	7127	4
4400	90	0
290	289	3
157	9923	1
8308	10640	4
6779	4691	1
6339	63	3
691	132	1
1619	26	2
3354	5965	3
2089	5700	1
4647	9522	1
11575	10216	4
5725	1856	0
9721	10955	4
8717	778	0
10605	60	3
717	7940	4
1349	8435	0
3913	3912	4
10431	7349	3
4743	3963	3
3620	3619	0
662	2249	3
7974	26	2
9277	9276	1
331	10688	1
1143	3922	0
5466	9839	0
4524	6674	4
3314	3313	0
2386	6262	3
6297	1203	3
10870	4022	3
3781	2019	3
969	968	1
10823	2612	3
9374	6755	3
5013	1771	4
3060	5478	0
2007	2006	0
8237	10750	4
6043	10763	0
9773	6763	3
10551	1593	4
4016	4015	0
11610	2668	3
714	8047	0
5334	7727	4
3096	285	2
8145	1422	0
5783	1065	3
5	136	2
7393	11445	1
6110	285	2
9118	16	3
761	760	3
5472	4271	1
3553	737	0
2672	108	2
4342	9140	1
9162	2519	0
2839	1548	3
834	136	2
6148	1639	3
581	8230	0
4786	5488	4
6245	6244	3
8043	1742	0
667	10	2
6342	10	2
10137	4265	3
7457	5814	4
10799	157	2
4781	6422	3
5755	5754	1
3975	7436	1
7372	665	3
6636	451	4
10391	1099	3
9833	6432	1
957	4209	3
5511	3963	3
2821	136	2
9306	3468	4
4840	4745	1
6757	367	2
4841	9355	4
9769	3363	4
4474	11251	4
6498	2116	0
9436	4937	3
158	944	0
8717	8587	1
8677	235	3
1644	452	1
11	10	2
5024	9518	0
1225	157	2
6034	6033	0
286	285	2
10063	9362	1
3823	2866	3
8174	7005	1
464	157	2
4420	4419	1
7519	8176	4
2695	136	2
2789	10	2
7487	3295	4
7787	4503	0
5954	1475	1
1162	6380	4
9104	8915	4
9013	9255	4
238	136	2
8600	3454	1
2298	5736	0
2904	157	2
11857	4275	3
4730	7464	1
2339	5141	0
6165	1077	0
124	3574	3
1626	26	2
7616	2460	0
1772	9257	4
1426	26	2
7842	7311	0
9815	7705	0
7443	8060	1
2976	7551	3
8186	6960	1
11615	3560	3
1721	8324	4
136	3797	1
9599	10814	0
1139	136	2
5784	157	2
1485	4123	1
10263	2480	3
6656	6655	3
5825	8528	3
2254	26	2
5239	5238	0
364	10	2
11536	5466	4
315	2019	3
3530	26	2
2590	5604	0
5338	5337	4
9739	2319	3
7072	306	1
6477	3883	4
8430	828	0
6705	11086	4
4645	2850	4
11778	11777	4
5917	6492	4
11282	7239	3
6678	5922	1
1342	136	2
8455	5500	1
908	8276	4
6549	6548	4
8007	658	3
7882	6228	4
407	285	2
6170	1330	3
9359	10059	1
9402	2930	0
7755	11538	1
4770	108	2
8492	108	2
1691	13	3
3761	157	2
3961	3960	0
7502	7501	0
9641	6194	0
589	2542	3
9915	7622	4
8133	4443	4
6888	6887	0
1494	5352	1
4258	136	2
8430	273	1
3172	157	2
175	9892	3
1897	7436	1
4366	136	2
5333	990	3
1691	1747	4
629	108	2
7414	1795	3
9078	345	1
8983	2374	4
3766	10	2
2924	7770	3
7188	1207	1
7947	1414	3
3817	2396	0
6622	285	2
3032	10102	0
2501	2500	3
8551	8550	1
3746	9622	1
9782	4243	3
920	279	2
11220	7237	4
6628	10306	0
7958	10006	0
499	157	2
3923	3826	1
4492	5244	3
2673	10	2
4980	4979	1
1938	26	2
5186	7736	3
9629	9512	4
7000	6779	0
5229	1231	0
6120	2790	4
11234	151	3
5844	192	1
4364	5479	0
6294	4355	4
5512	5273	3
878	10	2
1240	1239	0
3082	324	2
126	6954	4
4726	324	2
9991	7768	1
10404	5656	3
1623	5498	4
3298	157	2
157	6099	4
11139	11317	4
5347	77	3
462	279	2
6172	27	3
1946	3711	4
7792	2188	3
6704	1703	3
1994	1993	4
686	60	3
3270	157	2
8941	1357	3
13	1566	4
8454	10883	0
8464	1368	4
6127	11131	1
3171	7736	0
10811	7509	3
9268	6441	3
9125	6730	1
601	157	2
7765	5184	1
5544	2372	4
7119	1960	3
8411	3697	4
3480	26	2
4452	8273	4
4397	10846	1
6808	8729	0
8029	8028	0
6041	6040	1
811	157	2
9802	9801	1
2101	2037	4
1008	9888	1
7306	3695	1
5413	5412	0
4860	285	2
4220	1737	0
1051	1962	0
789	157	2
1707	10	2
6978	285	2
5335	4007	1
2102	157	2
6346	6480	4
11373	9109	4
191	367	2
4927	4926	1
5296	5295	1
2434	324	2
4556	2674	1
9599	2346	1
5909	5908	4
2683	4384	3
2940	10	2
209	4135	3
7103	429	3
7175	424	3
5044	157	2
9369	1367	3
6440	1699	3
3760	10	2
6578	6485	4
7635	3127	3
6604	3240	4
7312	8	4
6276	6275	4
3935	2937	1
7239	9339	0
1225	3375	3
6529	9430	4
1962	157	2
7412	1570	4
833	11664	1
278	1218	3
10468	332	3
1093	10	2
3006	4450	1
1787	26	2
2276	7685	4
4224	26	2
1510	3394	0
9699	2275	3
3002	5304	0
6081	136	2
73	72	3
394	5432	0
4105	6851	0
5135	3257	4
5540	5539	1
9756	9755	4
4116	158	0
10226	11130	4
8022	1632	3
4951	3294	2
10300	5687	3
1513	2002	1
3546	2500	3
2386	10	2
4574	4573	4
8334	8333	4
5	367	2
378	2125	3
2982	1034	0
9229	10287	3
6332	3156	0
8759	7328	3
2650	285	2
9705	157	2
8510	9313	4
6084	10402	1
9236	3553	3
4461	3840	0
3119	8057	4
4901	10	2
3093	8483	1
2928	1286	0
624	367	2
10522	7131	3
7058	1257	0
4072	4071	3
4139	5510	4
3331	26	2
9351	2473	4
6822	6821	1
2666	8413	1
1587	84	1
8743	8742	0
2557	136	2
2592	136	2
3611	10209	0
5235	1601	0
5366	5365	0
7083	6151	4
7196	6020	0
943	942	3
11190	9032	4
10732	26	2
1625	5443	1
7576	699	1
7882	11679	1
672	671	3
3088	9731	4
3687	5703	0
3599	10	2
10031	3538	3
9115	26	2
5547	7838	4
451	157	2
6561	6560	4
5219	10120	3
4112	4111	3
4817	4816	4
7200	279	2
2985	3245	3
5813	5812	0
2853	2678	0
8332	108	2
1943	136	2
9851	1548	3
111	1681	0
1833	136	2
2277	3030	4
6834	6446	1
2655	2484	0
2047	136	2
247	157	2
8184	7377	3
7669	7668	1
8236	10719	4
2383	136	2
8417	4017	1
701	10376	0
5927	1913	0
6813	1958	3
2254	108	2
6697	7386	0
425	1524	0
6792	11294	1
852	285	2
307	306	1
5491	6958	0
366	367	2
3071	10531	1
8902	8901	1
1662	1661	3
1409	497	0
2481	10	2
3595	10531	1
7810	4090	3
8745	2518	0
5600	3365	3
687	136	2
538	136	2
6376	4805	4
3119	367	2
5389	4177	1
737	63	3
3533	7913	1
8537	136	2
1626	1147	4
3840	5460	4
3276	7676	1
7819	8279	0
8554	576	3
4233	157	2
8466	7044	3
529	289	0
1205	10	2
2054	10	2
4223	4222	4
9779	6214	4
176	1017	2
2762	411	4
6642	6430	0
759	447	1
3284	8517	0
8981	6782	4
3232	108	2
7208	8227	4
4365	6458	1
3549	26	2
5341	10	2
2080	10354	0
2377	285	2
6380	11555	0
1523	157	2
3290	279	2
7002	9	3
3760	108	2
10379	9431	4
158	157	2
7486	7485	4
866	10	2
4807	2725	4
10634	3121	4
2267	10105	0
3305	4737	0
10120	8356	4
4426	11105	1
3661	7497	1
6535	26	2
9589	11817	0
4074	157	2
3529	3528	1
2096	5714	0
8093	8092	0
7258	7257	3
6869	777	0
1706	3574	3
5143	5142	1
1645	5986	0
745	136	2
978	279	2
332	1065	3
7887	10	2
7915	7914	0
3203	367	2
5540	9548	0
11286	11285	4
3257	324	2
5163	285	2
4187	3672	0
7057	7056	0
6134	5148	0
7975	2661	3
1055	10	2
2062	10871	1
5617	7570	4
4184	4500	0
5752	5751	1
7189	11397	1
5163	285	2
5428	5427	1
7330	8171	0
7972	157	2
3234	2251	4
11310	114	3
11571	9056	4
561	5613	1
353	9981	0
873	157	2
5158	5157	1
5179	1954	0
2729	5691	1
3237	2869	1
9875	2536	3
9764	9763	1
5923	6343	0
8330	63	3
3060	7800	3
5289	9160	0
722	721	1
2196	6878	4
9132	9131	0
2619	1330	3
6800	5120	0
7695	4698	3
3643	5459	0
5079	5228	1
5976	8165	3
3696	9288	3
4351	8203	4
1069	1068	3
346	5185	0
7623	6409	0
108	6135	1
3453	10179	0
2436	324	2
1909	1908	4
3132	157	2
832	8748	3
2657	1867	1
1980	5760	1
1373	157	2
5360	136	2
4664	10432	0
7059	4563	4
3244	6490	3
5204	3538	3
5046	8039	0
5469	5468	0
4850	285	2
3070	3144	0
3198	8684	1
5906	3762	1
7282	241	3
945	67	0
4211	4680	3
4368	4367	4
1969	1233	0
1542	10	2
4079	2999	0
5349	367	2
1865	1864	0
6384	3959	0
2627	136	2
1324	1629	3
2460	5416	3
1177	60	3
2841	10	2
6584	1355	0
7424	4492	0
11247	2069	4
8996	3432	3
1979	1031	0
1675	783	0
3200	4225	1
2874	1656	3
243	157	2
5863	5862	4
5795	5794	4
2505	2504	4
1237	1236	0
2672	108	2
1956	1955	4
2188	6640	0
8341	3447	4
5012	3277	0
4759	1016	0
9730	8162	3
4604	8580	4
21	3147	4
8293	8292	0
4495	4494	4
3914	5837	1
3922	3625	3
674	7542	3
5210	2016	0
7708	1017	2
2307	4834	4
9413	9801	1
6996	136	2
2144	4677	3
6253	6548	4
7517	11170	0
6463	7463	0
11058	5935	3
4077	4076	4
3300	157	2
4601	136	2
6601	10902	0
1219	1218	3
920	10966	4
9321	4849	0
5980	8279	4
9151	8000	4
3091	2240	1
3091	8424	4
384	383	3
3039	3038	4
5252	10	2
3501	478	4
4416	4415	4
2681	5790	4
1516	108	2
4972	6271	3
6203	5693	0
4480	1305	1
2938	764	4
5628	4870	0
8001	8694	1
6763	136	2
2796	2795	4
851	699	1
806	10367	4
4616	10248	0
19	8885	3
183	182	0
5939	5166	1
2736	2645	3
3314	10576	1
1118	8016	3
4016	136	2
885	10174	4
6334	11177	1
7719	136	2
7744	367	2
5989	6801	0
2646	2645	3
5141	367	2
3869	157	2
9745	5573	3
9154	9426	3
3984	3983	1
5998	10746	0
1504	1921	3
531	26	2
301	300	4
9903	9902	1
3297	11733	4
3376	3375	3
6874	10	2
668	7493	3
8970	945	3
1781	11928	0
194	26	2
6260	4818	1
11006	7518	4
487	11198	4
8850	3011	0
7658	3408	0
4273	367	2
8409	2835	1
2671	7717	0
1342	26	2
1957	108	2
2286	2285	3
5920	5827	4
6248	3079	3
289	367	2
3175	6702	4
2453	157	2
5746	5745	3
7277	5897	0
5022	10	2
543	4677	4
6393	398	4
7228	11001	1
6975	3668	3
922	2737	4
5348	379	0
4508	4147	4
6507	26	2
3063	845	3
6757	10	2
971	970	0
3549	7579	1
7007	9067	0
3401	2786	3
8065	6520	0
436	10	2
6043	6042	1
1938	9266	3
1754	10323	1
10887	9435	4
1890	402	0
11354	1055	4
7226	6054	0
9808	5067	3
2265	369	0
8382	3552	3
11405	4577	4
4735	8493	3
7836	7835	4
4815	10172	4
3330	108	2
6303	4397	4
487	26	2
5036	6739	0
777	776	1
1368	3506	0
573	5152	3
2418	157	2
10415	1449	4
2507	2165	1
1453	10	2
6202	4135	4
9	8437	1
5232	5231	0
6569	3793	4
4718	285	2
7176	7548	3
4545	4544	4
7537	4731	4
5406	2665	4
7376	5870	0
7754	428	3
2665	225	0
10057	9417	0
5894	6470	1
4510	4509	0
5850	4168	4
5127	5126	0
10961	136	2
275	2553	4
2209	2327	4
11718	145	3
975	938	4
9173	1383	3
7771	11543	1
6611	26	2
174	10041	1
2183	4531	1
8086	136	2
7744	1553	4
11901	756	3
1274	7054	3
6463	3654	1
5904	2312	4
1265	367	2
669	667	4
1262	11659	1
1171	26	2
1813	1812	3
1436	1435	0
2296	2295	1
8407	9612	1
7839	2123	0
8942	7993	1
2457	2456	0
9085	6469	1
3215	1068	3
9207	7725	1
1413	8760	4
4769	2186	1
1513	11979	0
789	367	2
5944	9807	0
329	157	2
8131	11475	0
8116	2364	1
10446	2389	3
5894	4343	0
3433	3432	3
8589	324	2
783	8784	4
2200	2199	0
8954	8208	0
2824	10711	4
8124	8719	4
7410	1218	3
3437	108	2
3728	3727	3
3748	1738	3
9528	6063	1
2941	1521	3
7530	7529	3
8160	9583	4
4441	5521	3
3985	134	1
2982	364	3
6737	3277	4
6758	10801	1
7731	4719	4
1259	108	2
10269	1503	4
6944	8782	4
7769	10660	1
8470	11706	1
6071	5180	0
4323	7327	4
4425	4424	0
6427	6426	4
6887	10417	4
1869	4431	4
405	7213	1
1345	108	2
1962	157	2
4457	364	3
4038	136	2
5967	5966	3
502	776	1
30	3169	4
8702	5345	1
6768	6767	4
7147	2049	0
5843	6441	3
7393	2392	0
5435	136	2
1752	108	2
9367	5762	1
179	1799	3
895	1352	1
7007	1100	1
8536	10312	1
4192	4191	1
864	157	2
1458	4567	3
5586	3128	4
3678	9299	3
505	136	2
2706	10	2
9078	11645	0
136	157	2
3772	5372	4
5795	6755	3
4407	6890	1
4062	4061	1
4607	1277	1
2039	5751	1
7699	26	2
2061	882	4
124	26	2
9071	2661	3
4438	8014	0
9136	5528	3
6769	26	2
2972	279	2
1853	1852	1
3739	10	2
4927	8404	0
2906	2905	4
5121	2265	4
4841	5052	0
4864	4863	4
4059	10	2
796	10639	1
2465	3636	4
9617	1171	3
11140	7257	3
2734	9693	4
7519	5166	1
1803	5273	3
3100	3099	1
1250	2789	3
10165	7810	4
923	24	3
5695	2699	3
960	959	3
3802	136	2
3299	1967	4
9839	9838	1
7403	7217	1
3606	6368	0
10282	10281	4
2210	1626	3
873	8240	4
6666	6665	0
4218	639	4
5946	6367	1
6750	6262	3
9198	108	2
786	3972	1
3662	10418	1
4476	4820	3
1872	157	2
3854	2437	1
1494	157	2
11403	1068	3
6171	6583	4
8780	9481	1
2233	10779	0
5334	1063	2
3531	7385	4
11863	5016	3
2124	5073	1
4894	8590	3
2939	11391	0
5009	3220	1
9903	3363	0
1533	1505	3
5242	1171	3
2328	1983	3
413	324	2
7394	7803	1
7983	7763	3
3692	6438	1
6813	8174	0
5409	8753	0
2067	9879	0
4697	1679	0
8420	11695	1
7893	7892	4
1040	108	2
3418	4914	4
7182	7181	1
881	26	2
564	157	2
9940	9202	0
1588	1587	3
214	478	4
2985	2984	1
2577	668	0
9055	9054	0
5834	747	0
1573	11135	4
266	3053	0
5505	2088	3
6569	11401	0
2812	9690	1
10024	8482	0
6978	285	2
8951	1095	1
2058	136	2
33	157	2
4521	7355	1
2124	6948	4
8678	5780	4
2613	5111	1
4584	26	2
8427	4986	3
8656	4152	3
7291	6193	3
5698	26	2
3066	945	3
1113	6855	4
12	4189	4
6804	807	0
6499	157	2
5210	1816	3
4763	136	2
2726	6468	1
3854	10260	0
5647	5479	4
3659	285	2
7100	8110	4
3743	3742	4
8151	11363	0
992	7099	4
7072	7729	0
3563	3562	4
2197	11914	0
1286	2085	2
1018	6667	4
4028	4027	3
9129	2638	3
4339	1859	3
11198	5238	4
2736	5249	4
2942	10	2
3777	3175	3
5042	5041	3
3569	10620	1
5850	3849	3
8571	568	0
3594	367	2
8115	8114	1
1894	2468	3
249	10909	1
8669	2290	4
1946	8591	0
561	285	2
1193	1192	3
2508	8299	0
10936	3587	3
1092	503	3
6339	26	2
10320	2511	3
4504	4503	0
648	8241	0
3218	136	2
480	9557	0
466	5965	3
1377	4153	0
9620	9619	1
7232	2251	3
1648	26	2
4106	4105	3
9422	9421	4
848	6663	1
7919	8586	0
7659	3351	3
11638	6268	3
7829	367	2
5200	5199	4
8497	3225	0
10889	3653	4
83	82	4
507	3523	1
2386	367	2
2731	2784	0
1334	4495	0
9970	1224	4
194	108	2
7269	2906	4
3320	7837	4
6088	11395	0
500	10	2
3217	7426	0
11365	63	3
9784	1253	3
3829	279	2
3132	7685	4
11226	136	2
1	0	0
2658	8927	4
2751	2750	0
1731	4565	4
6525	1085	0
1633	2412	4
4285	9022	4
9861	2052	3
1786	6889	4
5784	108	2
8313	8312	0
7256	1729	0
6864	9982	1
8163	8162	3
1957	108	2
8951	7920	0
1219	7825	4
10985	18	3
2868	285	2
8272	9066	1
6617	9350	1
522	3142	1
1828	1827	1
884	7191	3
10072	5757	0
5832	10705	0
9327	8335	1
3984	4005	0
2876	8150	1
18	5128	1
3551	789	2
9241	9035	0
4253	1626	3
531	26	2
11394	9640	4
2085	1755	1
7019	9311	1
1350	24	3
8122	3269	4
4445	44	1
1734	10349	0
6676	157	2
6839	285	2
145	1065	3
9229	8550	1
4485	4125	1
6923	6922	1
3727	9787	4
6338	6576	0
9660	285	2
8403	4212	0
2170	108	2
2465	2612	3
6195	60	3
791	6844	1
4735	1119	0
4953	136	2
6083	4466	0
4893	9266	3
9906	2998	3
1104	136	2
2118	2117	3
4300	2658	4
6116	5157	1
4709	4708	1
5958	3727	3
164	3724	0
5460	6923	4
3369	3079	3
10500	7000	4
2453	157	2
8639	8638	0
2439	2027	3
2838	2192	1
1071	1825	0
4533	263	1
10384	5614	4
477	279	2
9654	8044	1
8726	6010	0
4323	4322	1
1129	26	2
88	5567	0
6812	8453	1
158	157	2
4850	285	2
2177	881	3
5148	10595	1
3436	3435	1
6338	8025	1
5695	9096	4
5058	9609	4
2228	2227	4
3539	3538	3
8003	6135	1
1542	157	2
2411	26	2
397	285	2
247	3439	4
7244	108	2
9715	9400	4
5530	4293	4
7822	10233	0
6981	7763	3
2712	11529	1
342	285	2
8336	3701	0
1740	7072	3
2187	9416	4
9034	1670	1
5732	136	2
140	10103	1
4664	4663	1
3825	10675	1
624	108	2
1168	157	2
798	26	2
8827	9134	1
1505	5791	4
6715	6396	1
5219	3141	1
3477	3476	4
4142	3560	3
2496	2495	0
3150	6617	0
3165	5926	0
1028	1027	4
9812	1238	4
2761	11493	1
2126	10564	1
5158	4434	0
4290	279	2
5024	5023	1
3131	136	2
7428	8839	4
9803	2039	0
10054	345	1
6425	136	2
3342	136	2
1193	285	2
381	279	2
1513	10	2
10499	2635	3
1150	279	2
6822	4838	0
2158	4698	3
5492	4135	3
4187	5585	1
3594	10	2
3499	9744	1
7512	5326	0
1599	6665	4
2265	10402	1
8294	10250	1
4733	5996	4
2757	7502	0
4024	10	2
2046	4979	1
1700	1699	3
3093	2085	2
547	546	0
6254	6253	4
10300	1064	4
5333	1802	4
757	756	3
1537	136	2
6996	5161	1
7542	11327	4
9010	2112	3
190	5386	4
9179	2186	1
10484	3575	4
3529	8617	0
2535	7809	1
704	703	3
8097	11715	1
4107	157	2
6062	1414	4
9376	10683	4
5515	10	2
7103	1638	0
4870	4869	1
2626	10005	0
1181	1180	3
3634	5187	4
9348	4449	4
7102	9013	4
5125	345	1
4447	9195	1
4079	6359	4
1411	1410	3
937	936	1
1474	136	2
4705	3251	3
5997	7681	4
5950	5949	3
9469	9468	4
11013	63	3
10000	8546	4
5031	7603	1
11004	1334	3
6071	3454	1
3241	279	2
1997	4789	4
1338	381	4
6855	2328	0
8046	4954	4
2445	608	3
9734	10282	0
2894	3294	2
4473	285	2
392	9348	0
9435	789	2
5031	5030	0
7239	4641	1
427	2225	1
9980	6264	1
1042	157	2
4042	4041	0
472	2704	3
6528	8368	0
1516	108	2
9531	6882	4
8525	1109	4
7495	115	0
6666	603	1
4538	2971	2
6322	10832	0
1265	367	2
1846	108	2
7152	6954	3
6528	6527	1
3077	558	1
6019	6018	1
8325	11576	4
4146	4145	1
3272	3142	1
8602	5954	4
6368	5373	4
58	3100	0
5163	285	2
3552	7381	1
6509	10069	1
3466	3465	3
509	127	4
1597	108	2
630	4452	0
5742	367	2
6414	6413	0
1894	1893	0
2805	10043	0
113	112	4
6882	2365	0
4658	503	3
9004	11969	4
9329	11400	1
7261	5450	4
7625	6063	1
7194	7431	3
10094	3432	3
2673	201	3
3323	157	2
11014	285	2
2076	3649	4
5311	2342	0
738	11026	1
1212	3638	4
7483	277	4
8171	5122	0
6011	3365	3
910	7993	1
8136	157	2
174	5515	0
4943	4942	3
4264	6188	3
5636	8360	4
7778	1983	3
1082	157	2
7601	7600	4
5394	10	2
825	4385	3
6694	8684	1
2327	691	3
4711	10447	1
9343	5395	3
6861	5053	1
6675	5098	0
1697	7362	1
4746	3328	0
3590	285	2
6947	1309	1
9096	983	3
9218	1013	0
3381	3380	4
164	163	1
9209	2494	3
456	136	2
6386	8509	1
556	136	2
3941	5233	1
6192	10855	1
1770	1656	3
3616	3560	3
7252	5761	4
10306	10305	4
276	10	2
6172	8631	4
1446	4632	0
2274	10	2
6006	1059	3
3565	10137	4
2703	4499	1
8886	1514	3
5835	5834	0
9803	6858	1
7364	514	4
3662	2927	0
9950	6237	0
2910	6295	4
247	157	2
8753	5864	1
6854	5307	4
3704	324	2
2283	2720	0
8890	10562	3
4500	5515	3
2107	7687	1
7921	8372	3
6864	4182	4
9187	9186	1
2586	11824	1
8409	3992	0
10766	8117	4
8666	3606	3
11183	5879	3
5682	3279	3
3770	7345	4
1035	3796	4
3613	3965	0
7915	5010	3
11492	768	3
3905	7493	3
42	913	3
787	7531	1
5052	2514	1
11956	136	2
3746	2738	0
8278	10212	4
7563	671	3
8294	8253	0
3223	3374	4
1161	1160	1
5115	5239	4
6644	4677	3
75	5580	3
8362	8576	3
2212	2157	3
848	847	0
2583	2582	4
9984	9983	1
4530	4529	1
3204	10332	0
6856	6332	0
5510	706	4
7382	7435	4
3531	10615	1
1886	7200	0
3336	3125	0
516	2400	0
4362	11381	1
7588	7840	1
8895	11837	1
1049	7400	1
9252	5090	3
1634	6532	0
1390	9729	0
7616	7615	1
2933	11299	4
2418	157	2
11627	4124	4
9235	3948	4
9434	9433	0
8429	11699	1
1497	136	2
5165	569	3
1246	774	1
5441	26	2
2151	5607	1
8242	1577	1
2557	423	3
3871	6829	0
9952	7	3
5761	3965	0
572	3361	1
4678	4934	4
1161	3372	3
2668	5270	4
2130	2129	1
5898	308	0
1396	90	4
7334	4058	3
934	6496	0
3856	2789	3
3281	1289	1
4153	9842	0
1977	7888	4
346	345	1
10464	10463	4
3200	3199	0
8111	923	0
7824	8309	1
5075	5074	1
6554	721	1
260	259	0
11655	7955	4
337	336	4
4887	26	2
5151	5150	4
7018	3477	3
2770	157	2
8600	4950	0
4734	10978	0
10004	136	2
2598	6733	1
3714	3713	0
5859	26	2
3672	108	2
8050	1628	0
1402	26	2
3666	790	4
2254	26	2
553	10154	1
6550	6789	1
5008	285	2
5479	3407	3
5282	5596	0
6535	367	2
4316	7147	4
5910	1725	0
6792	6791	0
3232	5882	0
27	26	2
9736	6167	0
4084	2165	1
10152	9737	4
8557	4115	0
8159	9466	0
5672	5671	0
183	1410	3
6019	848	0
3735	5273	0
6780	5754	1
2805	2804	1
9149	9148	1
2566	26	2
3023	2392	0
2131	2738	3
8321	2139	1
1697	5256	0
5182	6245	0
5307	2197	0
2554	157	2
3507	5649	1
4031	1696	0
2660	136	2
6117	108	2
1741	11574	4
1717	6566	1
1587	10	2
254	11670	1
51	7075	1
6771	6770	1
3455	10180	0
11119	4968	3
2876	2356	0
10630	8885	3
600	136	2
1323	4613	3
9088	10036	4
9147	875	3
1223	1222	3
7135	3953	3
5753	2866	3
5654	136	2
7116	5949	3
6160	6159	1
8691	2784	3
2942	789	2
1625	5411	4
517	157	2
1675	3427	3
280	279	2
4962	4861	0
4057	462	4
3691	10233	3
2425	157	2
1997	1996	1
4072	7005	1
2754	4346	0
5896	157	2
4416	6066	1
2337	2336	1
4090	26	2
4569	11118	4
3589	3588	1
4937	4677	3
9672	279	2
9603	5536	3
8442	5377	4
1126	5104	1
1048	10217	1
11943	1861	4
1900	714	0
2254	26	2
3815	5712	1
760	136	2
964	963	1
9925	803	4
138	10825	4
5999	2160	0
1806	136	2
1124	3127	3
1525	5536	4
1139	10	2
3136	3135	1
1381	1639	3
9012	3672	4
4725	10672	4
1721	3570	1
2675	2674	1
8614	10872	1
555	8449	0
1905	2141	4
1288	157	2
5169	5168	0
1630	1629	3
4058	8580	0
11259	1059	3
6428	4977	3
11157	11156	4
1122	11877	0
244	9641	3
5083	2750	3
6939	6938	4
7661	6031	4
9920	11941	0
10807	4702	4
4994	136	2
6685	337	3
8034	1254	3
2339	2338	1
4410	157	2
2789	10	2
9868	9867	4
6633	3180	1
11960	4478	4
5179	7464	1
6431	136	2
2942	789	2
11502	2661	3
1390	367	2
9125	9124	4
3113	3372	3
6921	905	0
7846	787	4
1049	5761	0
8354	2262	1
6722	11271	1
7087	6759	1
1298	620	3
4105	7008	1
321	10	2
2131	5902	4
7014	4625	4
9650	5760	1
1429	6520	3
211	136	2
8489	2410	0
3728	3161	0
1653	279	2
7071	4259	4
112	7590	1
3063	3062	1
9107	5725	4
10026	2231	4
3108	6093	4
7858	2128	4
8959	2346	1
10591	6347	3
3731	1031	3
1667	2524	1
1224	10	2
2434	324	2
529	4576	1
6574	5805	0
5231	11380	0
7547	4808	1
9030	5407	3
1914	8770	1
8093	1487	1
1739	4906	4
4988	7555	1
4059	10	2
8167	7956	3
9164	3895	0
1980	2878	4
727	279	2
5431	5395	4
3524	3523	1
3117	10	2
661	285	2
1734	4269	1
2073	108	2
5444	421	4
6145	4254	4
2224	7554	4
51	324	2
9705	157	2
1695	136	2
3541	10	2
3893	8453	1
3630	8301	4
5252	108	2
3241	3237	4
7227	1266	4
6588	10897	0
6207	9178	1
394	418	3
2905	9204	0
6996	3597	0
2094	3924	3
542	4715	1
5271	157	2
1272	366	0
6754	6753	1
528	726	1
6374	9962	1
6415	10016	4
877	1087	0
562	10	2
1079	157	2
4378	6721	3
4770	10	2
4126	4125	1
10038	10037	4
1463	5117	0
2223	1204	3
8205	11642	1
2183	5155	4
2003	9336	0
1534	3264	0
7224	7223	4
2705	2704	3
2161	2160	0
3754	7155	1
6233	10840	0
6839	285	2
2955	7513	1
2384	3258	3
2653	2215	0
1732	157	2
6072	2691	3
4090	26	2
5372	9532	3
4305	157	2
10629	2738	3
1626	136	2
179	178	0
9040	8875	4
115	26	2
225	3803	3
8277	3386	1
2100	324	2
2872	2871	1
7910	3160	3
1494	367	2
9534	1418	4
3891	7377	3
4387	11462	1
1610	1609	0
11442	8714	3
398	136	2
5776	5775	1
2822	10100	0
397	285	2
2306	136	2
2592	26	2
1585	4438	4
4819	2727	0
8421	3587	3
10194	9971	4
8470	8469	0
8639	2205	1
2441	11522	1
7458	4325	4
11299	5907	4
3911	285	2
4612	26	2
9523	9522	1
3475	5098	4
99	98	0
1787	26	2
10523	2478	4
7588	6162	0
6637	3205	1
784	108	2
6027	367	2
3408	3407	3
3874	2088	3
3063	1967	4
6921	3953	3
7290	9360	4
8466	11705	1
94	959	3
3785	3784	4
3131	136	2
6776	3311	0
3768	6378	4
4735	4909	1
4471	2319	3
7144	7143	0
2692	4091	1
5040	1372	0
3620	4059	4
6168	2705	4
2038	9570	3
9940	9939	1
4456	2019	3
433	709	4
7751	10088	0
2245	279	2
7174	4359	3
321	157	2
7900	3329	0
6440	442	1
2892	5915	4
7254	5999	0
3892	10	2
4220	727	3
5761	11280	4
11913	507	4
8410	324	2
7147	4356	4
393	1703	3
2436	324	2
3557	2251	3
679	26	2
420	2762	4
937	2382	0
7452	10133	1
3872	3871	0
1109	5870	4
6088	8232	1
3750	157	2
1593	1714	1
5346	2602	0
2182	5326	0
3100	2617	0
4213	5634	4
4074	367	2
3465	2019	3
2980	136	2
1608	6032	4
4390	367	2
9127	240	3
3555	1626	0
7837	7596	4
5213	6142	3
4479	2777	1
9678	11850	0
2725	3476	4
6545	216	0
6402	108	2
2694	3700	1
3524	7744	0
966	965	0
7699	1617	3
2634	108	2
8463	1519	4
8214	10965	4
6184	1774	3
9139	136	2
4013	108	2
8705	5687	3
1047	157	2
1446	10	2
3591	7004	4
1906	10	2
4320	136	2
7674	7607	1
4363	4188	3
3494	315	3
6628	6627	1
1205	279	2
6597	2371	1
4616	3114	1
3210	4275	3
1221	9786	1
8910	866	3
185	184	1
8062	10668	4
4119	4559	1
33	108	2
8349	8873	4
8988	6729	4
907	4760	1
645	136	2
3964	3963	3
865	10	2
2547	2546	4
2274	789	2
4634	108	2
4718	5009	0
7880	279	2
9160	10100	4
1805	11569	4
8591	10552	4
5724	26	2
4781	10366	0
2943	2942	4
1903	10345	1
6568	8624	1
311	310	4
3714	10128	1
1522	1521	3
4115	157	2
6665	7161	3
4505	279	2
2182	5352	1
8359	8358	0
2362	26	2
3504	3003	4
880	879	1
8452	381	4
9871	10043	4
9143	11325	1
8958	10	2
5902	64	1
8079	8078	1
9398	7465	3
5172	157	2
3128	7726	4
2978	10888	1
3123	4014	4
2637	6940	1
4176	10245	0
10178	2641	4
489	10141	1
5689	26	2
8827	956	0
3177	367	2
3277	324	2
3103	4664	0
1009	11307	0
3390	4939	4
2224	136	2
1056	157	2
4692	7585	0
7478	7453	4
9052	3973	0
8688	2915	3
7074	136	2
702	136	2
1268	1267	4
2585	7002	4
2677	2676	4
7167	7166	1
4231	4230	0
2686	2685	0
3053	2884	3
791	26	2
9597	6371	1
11970	3079	3
2322	4944	3
6578	6886	0
562	10	2
2016	10	2
129	128	1
161	1043	4
3295	3294	2
378	789	2
622	196	3
3395	10713	0
9366	3293	3
1513	10	2
1253	9325	1
2163	2162	1
5136	10754	1
2875	1739	0
6134	10365	3
6176	1292	3
6601	4352	1
2156	6500	3
8769	10675	1
4267	10547	0
939	493	3
4449	4898	3
4378	10768	1
2678	10912	4
2525	6942	4
5549	691	4
4479	157	2
9458	6720	3
3760	10	2
7305	279	2
5024	5677	3
8028	10391	4
9435	8464	0
1440	10141	1
9088	9087	1
5058	3460	0
7609	1377	0
549	1165	4
3006	4993	0
3405	11743	1
5169	10042	4
6496	6495	1
448	279	2
5896	136	2
3270	26	2
6267	26	2
6481	4209	3
3277	9411	1
685	279	2
2380	2379	3
3870	10	2
907	9601	4
2453	157	2
761	157	2
7883	7882	4
9947	3534	0
1533	228	1
7414	5260	4
1736	8878	0
2304	7108	3
443	9554	0
3799	5760	1
3317	108	2
6108	2275	3
61	60	3
4528	8431	3
198	197	3
2283	10462	1
10878	5862	4
93	5964	0
1498	658	3
6303	10824	0
4121	7242	1
380	279	2
764	60	3
5162	279	2
3512	6087	0
4866	56	1
5286	5285	0
5424	6280	4
4554	367	2
8556	5933	4
1166	26	2
5556	2686	3
4912	4911	1
7266	11413	1
3322	6182	1
4418	367	2
9346	9345	1
4821	6005	1
367	11532	1
4532	4531	1
9607	8277	3
662	661	0
3422	157	2
1543	9872	1
11591	5211	3
2215	8961	0
6011	2918	1
4343	2838	0
3518	136	2
6223	3924	3
290	2488	4
6633	5139	4
6125	10949	4
3145	6188	3
9026	2119	0
3014	3013	0
1272	10250	1
8628	8627	0
7089	6644	3
759	8165	0
10704	2848	4
3933	2916	3
264	3138	1
8017	6222	4
3895	3894	4
9735	5971	0
9217	921	0
2232	9068	1
2234	279	2
3581	3580	3
1301	490	3
329	9028	3
4303	9092	4
1437	10	2
2933	2020	3
7348	7347	4
2193	2192	1
5670	5669	0
5238	4015	3
6153	157	2
6856	7381	1
8106	11621	1
4459	18	3
1388	1387	1
1300	26	2
7802	11026	1
7467	789	2
1199	2230	3
2644	622	0
9643	8750	1
4777	9300	3
1413	5443	1
4957	6301	1
8257	8448	0
2245	10	2
5313	5312	0
575	574	3
7921	7273	4
1754	2767	4
6496	5814	0
1973	8624	1
4070	5243	3
2403	267	0
7189	1017	2
645	8712	1
5887	367	2
2547	6227	3
2729	4135	3
11018	26	2
1888	279	2
2138	2137	0
3507	3506	0
789	1133	0
869	7786	0
1316	2117	4
1168	10	2
5847	5846	1
11430	6740	3
3412	623	4
5155	8972	4
2903	4456	3
4084	7911	4
594	593	1
5580	10	2
5626	5581	4
8336	5319	3
996	5745	3
2387	8663	0
7900	3606	3
6692	8214	0
7409	2542	3
5265	6201	0
397	9640	0
5341	367	2
7405	527	0
2997	26	2
2076	2075	3
3633	136	2
1536	1066	3
8174	8450	0
396	2699	3
8505	1204	3
568	567	0
9914	5161	1
2728	157	2
7849	5047	4
411	3970	3
7424	7423	1
3498	9065	1
1667	7849	0
7625	6867	0
8402	3171	0
515	514	4
5797	2960	3
10895	10227	4
8128	4955	1
3770	2358	0
10108	7967	4
2726	8250	3
8503	7770	3
1523	6547	1
11612	1942	4
6451	8803	1
811	560	1
4080	2283	4
7080	7079	1
1868	6901	0
6118	4414	4
10067	5407	3
9357	157	2
2351	1521	3
4480	1723	0
6138	6301	1
6013	7247	0
27	157	2
986	985	3
2543	2542	3
4005	2013	4
6816	63	3
3593	5354	4
2187	2186	1
4570	6944	4
3317	157	2
1928	4241	0
8375	6408	1
1497	1449	3
6898	8678	4
4049	4955	1
7587	7586	4
4883	157	2
8506	8299	4
3010	2029	1
1131	1130	0
4500	2305	1
11752	4693	4
2041	2072	0
763	3079	3
5149	7317	1
2124	185	3
8319	8318	4
2612	1065	3
4273	367	2
3991	6368	4
5466	8075	1
5547	5546	0
2410	2409	4
1783	1782	1
4858	8530	1
1779	1778	1
312	10429	0
2089	2088	3
3506	157	2
8031	7566	4
2373	1452	0
4554	8140	1
4489	11389	4
2353	7960	3
2544	4350	0
5555	9064	1
5906	1394	4
206	205	3
4980	1999	0
1666	8899	1
7939	10	2
7450	4275	3
496	279	2
9672	10	2
6256	6255	1
5179	5178	4
4690	4689	1
2185	2184	4
1079	108	2
2658	11622	0
6611	9197	1
7117	7128	0
3610	10411	1
8081	8080	0
243	10	2
9127	8031	0
2727	3717	1
5507	11848	4
3008	1532	0
5354	5090	3
2706	136	2
6476	60	3
2961	2960	3
5064	4003	3
4621	4353	4
2439	5543	0
3482	8019	0
4468	4542	0
3469	381	4
7069	6490	3
8359	8050	4
358	10127	1
9592	5081	3
7946	760	3
3327	5639	0
8626	8625	1
3540	26	2
8813	3061	1
7797	7796	4
6475	5388	4
9798	7010	3
4551	4550	1
2531	6370	4
1074	1073	4
3947	136	2
3057	136	2
7420	7543	1
7528	1505	4
697	1797	0
3592	4889	0
6250	2411	4
827	10190	1
6008	1649	1
2802	10	2
574	5298	4
7126	11382	1
9550	2731	3
836	285	2
9849	3245	3
2115	2114	4
8562	8689	0
738	285	2
6902	2558	4
9454	2090	0
1023	26	2
8490	3838	0
3643	285	2
5314	2916	3
706	136	2
123	751	4
6123	7300	0
1339	108	2
6713	10930	0
2631	285	2
11799	4670	4
1689	279	2
935	26	2
244	10737	0
4533	9370	3
11622	2169	3
8703	9370	3
4610	3294	2
3896	10806	0
7974	157	2
6930	587	3
1626	1065	3
5368	2019	3
7037	7036	4
1376	8095	4
10466	5341	3
3685	157	2
1880	1879	3
7879	10	2
8090	8089	1
8491	7105	0
2858	6994	3
215	7687	1
7333	5066	0
4272	865	3
242	1023	0
4010	4238	4
4920	282	4
8251	8250	3
1672	5462	1
7187	3463	3
69	5696	1
6640	2609	3
7228	512	0
7176	9113	4
9127	9126	1
6784	5996	4
3211	108	2
7309	3797	1
3510	3727	3
2580	5917	4
5043	6974	1
2231	3270	3
930	7756	3
3904	8440	1
3239	3238	0
9300	6615	4
847	6233	0
6672	3049	3
2920	367	2
4878	942	3
2235	68	0
4706	4705	4
9094	7427	3
10877	4613	3
6238	1631	3
69	10	2
856	855	0
10898	8430	4
10396	2278	4
725	4027	3
3082	324	2
7624	6377	3
952	4418	0
6465	6464	4
8033	6024	4
178	10192	4
2716	26	2
1262	7691	0
4888	6553	0
5595	5573	3
1023	108	2
4707	2635	3
7626	6256	4
7068	7140	3
6460	3575	3
961	7514	3
8008	5728	3
6894	10127	1
7055	7054	3
5931	11932	4
790	789	2
8611	324	2
2330	7108	3
858	10	2
6962	6961	0
5628	26	2
8636	6155	1
5896	136	2
6506	10	2
2484	9288	3
11974	3459	3
1787	8873	4
9938	9937	1
7299	9195	1
3484	2742	1
5586	4469	0
636	10970	0
3150	4189	4
666	8284	1
1173	1172	3
1687	1686	1
8307	8306	4
4837	5050	0
366	367	2
7474	3309	1
8479	7211	3
2695	157	2
7651	1161	0
7259	7427	3
3861	285	2
2728	26	2
8973	7532	1
1905	522	3
690	2345	0
191	367	2
5782	10697	0
4430	7800	4
2727	3295	0
10290	3317	3
7487	9982	1
10573	332	3
4136	285	2
1414	136	2
7901	4367	4
1040	1039	1
3068	10	2
9796	1739	3
4185	540	3
531	157	2
5115	8573	3
7099	7098	0
7068	3420	4
2915	5656	4
3077	4960	3
4965	4964	1
9162	5955	1
7191	10024	4
169	168	4
794	371	3
3308	2315	0
9943	1883	3
8068	5064	0
5670	11019	1
3148	136	2
1221	1019	3
8626	60	3
7645	9622	1
2163	5467	0
846	5452	3
9385	9384	1
5209	10558	0
3236	3407	3
5714	2190	0
6887	337	3
4945	4944	3
2147	6369	0
10243	1292	3
5449	8023	1
3403	4532	4
1968	7074	0
2103	1377	3
8780	8699	0
4030	10	2
280	5475	0
4998	4997	4
10204	2661	3
257	26	2
3618	285	2
1342	136	2
1576	2160	3
1445	26	2
6041	2818	0
9387	11741	0
9512	600	0
2515	2514	1
6161	10469	1
3100	1077	4
3735	1214	1
1310	1309	1
10176	1737	3
6968	26	2
6804	4331	4
897	618	0
4849	1919	0
11452	9382	4
6181	6180	0
9217	9216	1
5172	279	2
2554	157	2
1713	157	2
5726	60	3
4320	5632	4
7216	136	2
7473	10116	4
6281	6393	0
444	157	2
254	136	2
3597	10627	1
9768	2661	3
6036	26	2
8118	2731	3
1957	457	3
3294	9397	4
8699	9128	1
7299	7298	0
8776	6441	3
5681	2944	4
1619	26	2
8445	3189	0
7	1434	1
2292	367	2
8067	8066	1
6057	11855	1
7549	3279	4
1653	2609	3
3985	1809	0
6845	3814	0
4595	4594	4
5563	8227	4
1242	3579	0
4062	10301	0
1619	26	2
6478	7010	3
4033	101	4
4754	157	2
2686	726	1
2854	10	2
10538	881	3
6001	367	2
6132	324	2
1739	4715	1
8682	9380	0
7583	157	2
11696	8007	4
5759	3282	0
3611	1778	1
1788	9301	1
2619	7513	1
913	10	2
9166	5541	3
189	26	2
1845	1844	4
2245	10	2
7039	8952	1
6299	8075	1
8130	1729	3
10104	3245	3
10130	9299	3
486	10354	0
7505	11167	0
1701	1911	4
5190	3916	0
3442	3441	4
6649	8860	4
6291	5725	3
6179	8850	3
2644	2643	1
9822	1578	4
11667	11666	4
3712	8261	4
7238	7237	4
1976	26	3
3303	157	2
137	136	2
3741	3740	1
6706	7284	0
2091	2524	1
5865	1838	1
5186	6305	4
588	7375	1
1648	1647	1
10983	1492	3
1587	10	2
5888	279	2
5275	5935	3
3294	133	0
10033	10032	4
1844	5473	4
3405	131	3
515	1629	3
11326	4907	4
5027	8999	3
642	8556	0
4311	10	2
2136	157	2
7808	7807	4
8073	8391	1
5329	10951	1
8598	6751	3
9989	6009	3
2680	5086	0
4561	1492	3
6800	6922	1
4551	5755	0
6948	108	2
4018	6414	0
358	357	0
9796	1587	4
10979	11742	4
1070	279	2
5394	367	2
6540	3975	3
2662	3570	1
2168	2269	4
9348	5248	0
4822	279	2
1181	136	2
8105	1818	4
6671	7057	0
4584	26	2
538	1620	0
7319	5751	1
213	899	0
8352	1445	3
4247	1649	1
7172	840	0
8721	1879	3
7943	11078	0
656	108	2
1771	10844	4
6336	1762	0
4437	2113	3
5483	7248	0
4364	6821	1
446	445	0
5820	371	3
4365	2310	4
4323	4171	3
7651	7934	1
8940	8824	4
6464	9702	1
2203	5402	3
8821	10153	1
7609	2864	1
5779	5778	0
3506	789	2
8459	10167	1
5586	5585	1
7664	5331	4
11646	5041	3
6710	1118	0
6643	186	1
7447	136	2
5950	26	2
2897	1823	1
1453	1857	4
6117	2327	0
1569	4444	1
706	5513	1
2953	4234	0
3317	108	2
2087	2020	3
2279	108	2
7561	2166	3
534	3704	4
1601	9778	0
1347	1346	1
571	367	2
4321	5306	1
8286	2789	3
9113	6084	4
876	875	3
10442	2479	3
464	26	2
1822	108	2
1894	10343	1
6895	3660	3
769	4611	4
3317	108	2
5276	665	3
702	136	2
5698	26	2
9150	8701	4
2478	1878	3
2413	5208	0
8990	6536	4
3704	324	2
3694	9587	1
3083	10654	1
2130	7701	0
5709	8578	0
9672	5903	0
1303	8210	3
9496	422	3
3802	136	2
2868	285	2
4124	8458	0
660	3355	0
6534	3135	1
3226	5126	4
1064	1063	2
619	26	2
6463	2009	3
3494	4014	4
7834	5275	4
252	9527	0
9932	1208	1
5885	2213	4
45	1790	0
2425	108	2
4483	1477	1
6357	3345	3
3766	367	2
4148	736	1
828	10	2
8865	8115	4
5827	2960	4
764	6867	4
3870	10	2
1791	7789	1
3119	26	2
1423	1346	1
2751	10469	1
8345	2085	2
8227	10801	1
181	180	1
2577	10986	1
2738	7210	1
5057	5306	1
2213	2185	4
4063	1098	1
2157	2156	4
8145	8914	1
5832	5831	1
1825	5361	4
1484	10278	1
33	108	2
1388	4049	4
6302	6301	1
1962	26	2
3473	4598	1
7356	5314	0
4140	10788	4
7874	8075	1
1194	5254	4
3262	4872	1
7044	4677	3
7340	324	2
4727	4455	0
437	10058	4
10757	5541	3
6060	11520	1
8946	1017	2
7815	8063	4
62	10	2
6391	5466	4
171	10858	4
1216	60	3
5341	10	2
405	8999	3
1962	2661	3
4258	136	2
4357	136	2
4021	2274	0
4897	136	2
719	6853	1
8492	157	2
7470	3606	3
3577	8527	4
5319	5156	0
3431	2702	0
9878	11923	0
5937	600	4
9824	1619	4
3538	6502	4
2857	157	2
3684	7332	1
1720	11704	4
2459	157	2
2444	367	2
2983	2859	0
9136	11900	1
7039	898	0
10480	871	3
600	10103	1
8389	450	3
870	4859	3
10687	10452	4
3262	3261	4
2075	9314	0
6486	63	3
11915	2160	3
11340	8173	4
6948	8023	1
727	4467	0
11440	60	3
5847	9250	4
9307	8001	3
238	136	2
239	8165	3
232	497	4
7876	7167	4
4588	1943	0
8475	6468	1
5653	108	2
4311	108	2
9806	8562	0
5371	3574	3
758	1031	3
7132	26	2
816	7759	4
4653	11947	1
3391	3390	0
1861	1860	1
1342	26	2
5366	10056	4
1560	1559	3
6842	10966	0
2955	1338	0
3431	3430	3
3473	9374	0
2515	9977	0
8854	8673	1
2438	5067	0
6321	10831	0
7534	8932	0
5398	9927	4
8147	3459	3
5675	5674	0
5254	1090	4
270	324	2
9503	9502	1
3687	2771	1
3933	5244	4
4618	4617	0
9337	5414	1
5367	4191	1
4273	136	2
6447	6446	1
3630	789	2
5728	3520	0
2920	157	2
1573	10837	1
7753	2685	0
9120	9867	4
10234	608	3
7177	9443	0
8792	799	1
4690	6074	0
2333	11609	1
5109	5443	1
640	3792	1
1654	857	0
7765	7508	0
4092	4091	1
1117	8576	3
5799	10343	1
5854	5853	1
1606	2709	1
6689	582	4
3906	5929	0
9155	9154	0
1409	9050	1
2013	5147	2
6771	5432	0
6967	5333	0
7874	2796	4
3809	3808	3
3329	3328	4
2407	279	2
5342	4488	4
2851	9254	1
9848	6202	0
1960	5909	0
6590	4101	1
11746	5191	3
5328	108	2
1117	108	2
2587	2586	4
9024	136	2
4721	3408	4
7908	2252	4
4171	2129	1
6057	2187	4
9299	11117	4
6350	6349	0
2013	7871	0
3410	8144	0
1646	218	1
191	10	2
8057	931	4
10008	3103	4
2048	9797	1
1090	1691	4
10747	2947	3
8186	7987	0
9322	26	2
597	10113	4
8118	1923	1
3166	5252	4
5144	5912	4
10052	11983	0
6453	9550	4
191	10	2
6648	6644	3
9579	1885	4
8205	8204	0
2748	26	2
5035	35	0
4644	565	0
1516	108	2
2016	157	2
117	26	2
3533	26	2
11011	4901	4
6110	8955	3
1470	4543	0
3603	1377	3
3643	285	2
3909	10	2
1282	10252	1
6342	6341	4
6171	136	2
745	136	2
8052	5371	3
2123	3930	1
5759	10448	1
3911	285	2
4355	4354	1
9742	6111	0
9171	1577	1
2521	1477	1
8736	1781	0
8526	8525	4
9240	3332	1
4276	4275	3
588	157	2
5523	5281	1
8552	8966	4
5643	60	3
827	108	2
4954	3110	1
3201	3765	1
10617	9041	3
4355	4820	0
5764	9066	1
4318	8840	1
2908	2057	3
2704	4087	0
7516	241	3
8573	8885	4
4410	26	2
6898	9628	0
2423	2422	4
3827	1394	4
6751	2500	0
4842	4006	0
3549	26	2
8718	5573	3
7545	11891	1
3022	136	2
3383	3382	1
3547	6577	1
2313	2362	4
235	8754	4
11755	2886	4
2181	3730	4
7968	1122	3
6942	6576	4
918	6817	4
5713	2472	1
7552	136	2
10063	8392	4
5788	1181	4
6595	3654	1
4449	3383	0
10733	3038	3
8521	6227	3
10721	11106	4
6218	6217	3
4082	7642	0
6097	11351	1
749	748	3
4144	349	1
5806	11009	1
7521	8151	0
5210	10923	1
4670	124	0
4910	2125	3
4455	5542	1
8741	616	4
10267	7969	3
6363	6009	3
1055	2882	1
4614	4613	3
931	6196	1
3001	4753	0
8357	5085	0
2257	4046	1
1339	5189	3
6568	1256	0
2477	2476	1
3290	136	2
7352	9042	4
3741	2866	0
3270	157	2
6029	367	2
1848	576	3
811	5458	0
873	157	2
1205	3553	3
3084	3083	3
4711	4710	0
6474	10229	4
7621	3301	1
3101	4036	1
58	633	1
877	157	2
6108	801	0
4606	7017	0
5000	7009	4
3458	9238	1
6667	3550	3
1563	7581	0
962	136	2
2806	3569	3
7640	2282	0
929	3175	3
2434	324	2
6818	1515	3
6621	1733	4
7124	108	2
8306	280	3
6341	2221	3
557	3432	3
4692	4691	1
1282	1281	0
9806	7230	1
11428	1941	3
6150	6500	3
6064	6063	1
7739	136	2
7144	1178	1
534	157	2
9309	2942	4
3008	4955	1
3766	367	2
7188	7187	0
8420	597	0
4357	3233	3
3776	4464	0
7382	136	2
9684	1883	4
7638	324	2
4128	157	2
7106	285	2
8773	3182	4
4227	4226	0
639	367	2
4678	4677	3
9170	9169	0
648	4535	1
1929	279	2
2719	1142	0
5172	205	3
4147	10717	1
9632	2471	0
1745	9816	0
833	10283	4
9392	364	3
5828	2678	4
4119	7675	0
6031	26	2
11239	4599	4
441	3683	4
11720	1966	4
71	108	2
5172	279	2
1957	26	2
7804	108	2
7727	8502	1
9961	1530	4
392	63	3
1064	4826	0
7800	8319	4
1154	1153	4
5493	10450	3
8884	3740	1
8432	7185	4
10015	9258	4
5411	2674	1
4898	136	2
2171	26	2
1564	1563	4
1242	1241	1
1564	3251	3
8455	1259	0
3143	3962	3
5127	3454	1
5191	10500	4
935	26	2
5562	7138	0
9864	4011	1
11287	5933	4
10131	4215	3
5584	3227	3
1981	10	2
6570	4796	3
5225	4239	3
2746	3371	3
5264	969	4
2041	9270	1
4730	26	2
672	11116	4
282	185	3
7136	6089	3
1463	367	2
4759	4758	1
1188	1187	1
2554	26	2
1370	2624	4
9170	684	1
6916	1495	3
1920	157	2
2133	285	2
9523	731	4
7354	157	2
5068	7072	4
1929	10	2
109	108	2
1717	2710	3
5755	6094	0
2122	2121	4
8715	11539	0
6112	2576	0
2567	8695	1
1342	11069	1
5027	605	1
6744	4032	0
4346	9211	0
216	367	2
9510	2075	3
3753	9403	1
4730	26	2
7632	2793	0
4991	6199	1
3318	4446	1
1467	8325	0
6415	6740	3
5327	10950	1
4367	4772	0
7318	10	2
10540	2675	4
7992	7991	4
6990	4470	0
8480	3345	3
11000	7629	4
4224	108	2
5577	11832	0
5921	2998	3
5676	6337	4
5931	6658	0
4873	1395	4
3965	1744	1
1919	367	2
4558	2530	3
3017	7851	1
5615	11009	1
3982	8298	4
5452	2029	1
8838	175	0
3870	10	2
1516	367	2
10162	8528	3
1802	1367	4
1300	26	2
2169	1938	0
8804	4582	0
6060	6059	4
836	285	2
8244	9955	0
9864	2398	0
4013	8090	0
4042	3479	3
9320	2616	4
455	2097	1
277	8210	0
165	104	3
9112	7753	4
2004	108	2
3480	157	2
2362	11652	1
982	157	2
3235	4171	3
1522	7928	4
9575	1705	3
475	6266	3
277	8437	1
1973	958	4
4205	4204	4
5449	7446	4
2753	5215	0
6834	6833	0
10325	4135	3
3265	2915	3
1195	1194	4
3415	3300	0
6162	10	2
82	6762	3
3109	5941	4
630	6166	1
2235	5663	4
636	136	2
1303	285	2
4065	10486	4
624	367	2
309	10	2
7382	10	2
7325	2866	4
3736	11888	4
7349	2262	1
2502	3160	3
3232	157	2
240	239	4
2737	1405	4
5163	285	2
11038	11037	4
8895	8894	0
10358	3552	3
1846	108	2
1961	1960	3
4506	4505	0
3746	7143	4
6387	2674	1
1648	8777	4
2655	7381	1
2727	11573	4
6034	11109	1
4212	10	2
1378	1377	4
7311	10358	4
1920	4335	3
6192	7826	0
4016	844	3
4197	6720	3
1493	634	4
8547	2951	1
7927	7926	4
9571	4354	1
1439	4137	1
3707	7996	4
27	26	2
10889	5289	3
8781	6744	4
11534	2654	4
8598	8597	1
5874	5873	0
666	285	2
679	8411	0
5676	2459	0
6914	3104	0
6112	8900	1
543	157	2
1920	157	2
2922	4780	3
2820	2819	3
784	8955	3
966	9270	1
5758	5757	0
5159	13	3
6958	157	2
2050	6823	3
5040	85	3
9723	324	2
3800	10032	4
1081	1080	1
8891	5738	1
1034	1063	2
11020	6323	4
1656	8915	4
1008	1992	0
131	136	2
2282	2279	3
3294	3142	1
3039	1640	0
3356	7337	0
8826	4297	4
8242	11398	0
3821	3820	0
6585	9206	1
3023	11127	3
2801	2625	1
4234	4233	4
5947	1314	0
3624	324	2
477	279	2
3021	2494	3
8257	8256	1
1333	4152	3
5939	6508	0
1203	1202	0
10186	10185	4
9075	9391	3
4951	10879	1
7571	1348	1
5940	5939	4
41	40	4
380	6240	1
11472	574	3
7829	26	2
3009	4630	0
8940	10179	0
4733	4732	0
10370	7140	3
9172	10	2
373	586	1
3242	1192	3
771	770	4
9414	1923	1
4764	1180	3
1635	789	2
5929	7164	0
8867	2517	1
4077	7494	3
5867	5866	4
2888	26	2
2057	91	4
3566	9794	4
3130	26	2
8394	1003	1
9897	9847	0
1863	1862	0
3980	7155	1
8578	10919	4
42	8564	4
1255	1254	3
6334	6333	0
5784	108	2
71	2931	4
4464	1977	3
9425	9424	1
3095	26	2
2443	2442	4
2453	6512	4
9785	1559	3
8791	7984	4
10959	10958	4
8273	6039	0
11818	2500	3
6174	6173	1
9198	10	2
588	587	3
2056	6526	1
1005	5302	0
4683	2188	3
3086	9029	4
3589	8783	0
10492	2996	4
9354	11958	1
3068	10	2
4793	4792	3
6499	26	2
5641	5640	3
7074	6015	4
3941	6965	0
4279	9467	4
5232	774	1
8906	3288	4
3696	4508	0
4141	7654	1
1050	8386	0
2854	7427	3
492	8587	1
11263	4716	3
4274	136	2
732	2537	3
7212	1014	3
3551	279	2
4714	9008	1
3232	5955	1
7916	7606	4
329	789	2
4431	9386	1
2565	2160	3
11808	4539	4
8743	2698	1
9900	1493	4
2	8161	0
4756	9560	0
1224	10	2
1607	2061	3
11453	10747	4
11353	4669	3
6029	136	2
1551	1550	0
793	10	2
243	10	2
6839	285	2
2426	1866	4
1766	8604	0
9063	6832	1
5950	157	2
8598	1664	4
234	7686	1
4586	4585	4
4014	3825	0
1494	8790	0
4313	2682	3
2116	3639	1
6808	10791	1
10496	4846	4
2441	367	2
3424	5846	1
3012	3011	0
8416	9824	4
1800	1799	3
51	324	2
7249	9332	0
2204	6698	3
4490	3432	3
3836	5745	3
679	26	2
2441	26	2
6565	7820	4
5447	2097	1
1622	665	3
2703	3949	4
8021	8518	4
3601	2423	0
2178	63	3
1751	285	2
6683	4269	1
788	787	3
7452	8048	4
3852	6687	0
4236	4235	4
7333	2225	1
7963	6719	4
436	10	2
2155	6433	0
6211	6210	0
10495	10494	4
735	9918	4
8296	913	3
9203	9202	4
7365	2336	1
2167	8130	0
7832	1330	3
3312	3311	0
1196	7413	0
5355	2819	3
2327	4971	4
2224	367	2
1979	6163	1
4513	157	2
3610	5996	0
6357	7180	4
982	157	2
4558	10	2
5468	3584	0
353	6641	1
1884	7951	0
4541	103	0
6535	1901	3
3858	6768	0
3075	3074	0
6765	8125	3
6968	8810	1
3276	7313	3
2166	2165	1
5600	157	2
4954	1894	0
1715	2624	0
3505	3504	0
4353	10366	0
503	7248	4
6381	6470	1
4037	2403	0
638	9575	0
3675	3674	4
9474	1739	0
8043	11462	1
1914	157	2
4993	4992	1
4129	5520	4
3030	2519	4
5084	449	3
3355	6637	0
5697	5156	0
15	9921	0
9952	285	2
4694	522	3
1112	2969	3
3680	7593	3
2896	11856	0
3542	3541	4
1365	157	2
2320	9855	4
4161	4160	1
3561	8967	1
3978	136	2
9651	945	3
10254	4335	3
4314	108	2
660	10	2
8354	8533	0
3586	827	0
6179	2768	0
1872	4691	1
6362	2019	3
9505	63	3
2798	4195	1
5094	5093	4
10082	10472	4
4116	157	2
4770	90	4
6102	108	2
4910	1326	2
2413	8624	1
1086	4019	1
2572	8900	1
2188	3914	4
6677	5605	1
921	1746	0
5401	6195	4
3613	3294	2
1105	10621	0
10503	1252	3
8399	3627	4
4849	10855	1
1910	7001	1
10676	5407	4
516	136	2
3979	136	2
3614	157	2
2195	4723	0
1766	285	2
6171	6519	3
6541	5717	3
3293	4677	3
7249	10585	4
11146	2688	4
7855	4131	4
10744	10743	4
516	2066	1
3068	136	2
3256	5522	0
1597	157	2
2712	5090	0
6075	530	3
4416	7135	0
6855	6458	1
4606	11351	1
4346	7809	1
3530	1810	1
561	285	2
1032	1737	3
4800	4799	4
9847	136	2
5856	10849	4
4344	4343	4
1089	3143	0
8897	2075	3
8518	285	2
5799	5798	0
7945	16	0
3302	3301	1
4667	2699	4
1726	8425	0
2677	1514	3
691	690	0
562	157	2
157	740	0
8676	8675	0
11712	5407	3
7750	9799	3
5148	5147	0
7952	1632	3
8925	6249	3
7824	4492	0
191	10	2
5250	5249	4
2943	136	2
6664	6663	1
6237	6236	1
7629	7628	4
995	3924	3
1751	285	2
3415	3414	1
9792	9791	4
8202	511	0
8363	1714	1
11135	1706	3
8495	4820	3
11012	9570	3
3148	157	2
11938	9907	4
1463	367	2
3283	5734	1
6883	687	3
7733	1680	0
5809	1005	0
2353	1063	2
333	7281	1
432	9270	1
5857	4960	3
1902	157	2
5322	1088	4
7688	155	4
11850	496	4
3275	10145	0
11548	7103	4
3495	279	2
3148	157	2
4348	7120	1
10539	6477	3
8870	8869	0
3657	8209	4
276	2661	3
319	318	0
4634	157	2
4073	157	2
5720	6695	1
1474	136	2
5407	10	2
5785	324	2
11245	6286	4
6618	461	3
6068	6067	4
11681	301	4
15	136	2
2952	2951	1
3333	3332	1
4688	3543	4
4104	108	2
5560	136	2
7490	284	0
1033	279	2
775	855	0
8941	2045	4
3113	3112	0
2608	2607	4
5694	157	2
1083	10794	4
215	8053	0
6848	854	0
5985	867	3
51	10193	0
1520	324	2
5620	10689	4
2928	414	1
1350	26	2
645	644	0
10467	6986	4
7101	1210	0
3682	10737	4
7667	1513	0
5224	5223	4
1045	1044	1
945	7210	1
7488	742	0
2735	2789	3
6640	2059	4
6226	2574	4
7495	11750	1
6920	26	2
6535	367	2
5929	1095	1
5209	2236	1
5525	136	2
4540	1461	3
7754	8774	4
7988	136	2
921	157	2
2091	8360	0
321	157	2
2269	9919	1
19	285	2
1225	10	2
2600	157	2
1742	3035	1
1290	2788	3
4161	2728	4
7396	7395	3
8029	11604	1
2434	324	2
612	5557	4
1897	1896	0
2919	2918	1
8753	11976	0
6734	10937	0
6312	2538	0
1554	279	2
6981	9515	4
2206	2550	1
619	9636	0
5989	5988	4
8182	367	2
9863	5700	1
11406	6244	4
8683	3977	1
6373	7040	4
6984	136	2
973	10829	4
1131	8129	1
2717	324	2
5421	5420	4
7268	7267	1
7195	6797	3
1221	4102	4
1661	7959	0
11130	9361	4
5835	11061	1
5016	5649	1
4789	10	2
6543	2622	4
1042	108	2
5463	3043	4
5628	157	2
3283	10420	4
10486	26	2
4100	4099	0
1844	6589	1
2609	9027	0
9402	10896	1
3375	157	2
11795	3953	3
5081	10901	1
5250	8955	3
11558	2135	4
4009	63	3
3611	9882	4
7346	5878	1
2865	10058	0
6108	5738	1
9183	3265	0
6075	11625	4
2671	1964	1
6801	6800	4
7107	4090	3
6619	285	2
3766	367	2
5086	6197	4
8524	1752	3
5072	4897	0
9219	2479	0
10866	26	2
6579	10034	1
8159	8158	1
2204	10388	1
6031	26	2
5682	715	4
4962	6159	1
1541	285	2
7064	5175	0
5116	1063	2
2529	26	2
10649	9524	3
6896	157	2
4894	1810	1
6185	6184	0
1650	1649	1
7700	7741	4
6584	5513	1
9576	9575	4
5805	6010	3
3979	136	2
2662	561	4
1078	324	2
3003	11026	1
2366	1860	1
17	79	0
10375	6142	3
9950	2472	1
3592	593	1
5413	2986	1
2232	5538	4
1150	136	2
2448	1926	3
8088	4813	4
4030	9176	0
11189	5484	4
631	4788	3
3691	6016	4
8444	10002	1
8953	853	1
4030	7328	3
7010	136	2
9890	2968	3
85	3344	0
9080	9079	3
2274	10	2
2822	11730	4
11	1224	4
9166	9165	0
2657	6888	0
2209	2914	3
8920	7301	0
8815	3079	3
380	279	2
9644	11840	0
3578	6166	1
871	11523	0
3023	789	2
9464	4913	3
1288	157	2
11269	8522	3
5705	5297	3
3010	2468	3
5143	4544	0
1812	7383	0
3914	9307	0
353	11371	4
6969	697	3
9385	2677	0
152	151	3
4212	11789	3
5856	3083	3
6088	2648	4
8537	4966	3
910	5207	0
3289	8717	3
3973	5937	0
2072	3290	3
1657	1656	3
9658	2049	4
194	108	2
9576	6762	3
749	9692	0
1256	7557	4
366	9355	4
1388	6501	0
5732	136	2
9829	11104	4
8357	2397	1
7296	9000	0
5294	6347	3
989	8467	3
714	1636	1
10652	169	3
3395	5864	1
2171	26	2
3602	1958	3
7059	6852	0
8991	5408	4
8323	7045	0
8529	1774	3
189	4071	3
11906	4820	3
9462	7959	0
10070	10069	1
3422	157	2
9391	3488	0
3475	9765	0
9024	136	2
1020	1019	3
8315	5853	1
7440	5658	0
1130	10085	1
9996	7969	3
7554	1297	4
2489	9906	0
8492	157	2
6221	5250	0
10486	367	2
3861	1269	3
8297	6878	0
3331	26	2
4141	285	2
1747	4385	3
6070	6069	0
9298	1033	3
11698	11697	4
5680	8256	1
11662	2797	3
6588	4639	1
154	9053	0
11227	3463	3
6545	4909	1
2189	2188	4
7330	7329	1
10517	7956	3
2268	9514	4
7043	5178	4
3496	2085	2
652	651	1
9039	7772	4
2381	5210	4
783	10187	1
1465	5049	1
5479	8025	1
504	503	3
466	5599	4
8131	4306	1
1516	367	2
7822	7821	1
4273	3781	3
10030	10029	1
7824	10	2
5566	870	4
9037	108	2
4768	1065	3
1599	26	2
8448	157	2
9006	3669	3
7801	3986	1
824	26	2
3168	8649	0
6617	6616	0
2940	5104	1
2483	8533	0
6905	136	2
3935	3934	0
4777	5125	0
6152	10771	4
1004	1003	1
7430	7108	3
10330	7594	4
1824	1823	1
238	136	2
2171	26	2
10989	5735	4
5147	3130	0
181	2906	4
1763	1811	3
2394	9566	1
2741	9390	3
8596	8854	3
10397	514	4
9294	9293	0
1504	367	2
3119	26	2
908	136	2
6103	324	2
5600	157	2
1940	10	2
321	10	2
7794	8590	3
3041	1005	3
9513	3079	3
3150	1127	1
1081	256	0
5725	279	2
8961	4592	1
350	349	1
4404	4656	3
1638	1637	1
5897	108	2
341	340	4
8454	8453	1
3716	1899	1
1036	1035	4
5526	2085	2
5860	367	2
2376	6890	1
932	7924	4
7021	4716	3
5062	2024	0
5718	7861	0
5886	5885	4
1052	4537	4
1682	4937	3
2187	6167	0
1877	6279	4
5136	5933	0
1371	10	2
8580	5899	0
3939	2144	3
4533	4495	0
427	2188	3
2	11631	1
4602	3903	0
3096	285	2
3864	7985	1
5899	136	2
2731	5668	1
4171	4170	0
268	267	0
6824	6823	3
6624	2517	1
4599	10417	0
1193	485	1
7606	6402	0
1141	1140	4
3307	4268	0
9991	6121	0
9615	19	4
579	578	4
6486	6485	0
1436	7183	1
2672	157	2
2373	4477	1
7598	10	2
4871	136	2
5689	26	2
6494	3270	4
247	157	2
482	136	2
7092	4805	4
4670	10600	1
3883	5593	4
3590	364	3
8634	1751	4
2455	9963	0
458	457	3
6008	7656	0
4802	4801	1
7736	2983	4
8797	3294	2
398	136	2
5952	482	0
7965	7964	3
7845	4841	3
6045	1860	1
6201	6373	3
5980	5979	1
6740	2019	3
207	235	3
1316	1315	0
7309	7006	4
3334	4681	0
5731	4828	0
6574	8794	3
3451	3450	0
3014	8488	1
69	10245	0
3732	226	3
4644	154	4
6847	9544	1
2603	3279	4
1655	108	2
1920	157	2
2331	2597	3
9705	157	2
1242	2712	4
3949	3477	3
6418	136	2
211	10464	0
2749	1012	1
4899	251	1
52	1094	0
3711	1681	4
7377	3213	4
2126	136	2
7583	136	2
6576	10430	1
3068	10	2
1312	283	1
3139	3009	0
261	108	2
8315	11411	0
4270	4269	1
2170	108	2
6643	2960	0
9709	7763	3
10043	3237	4
4636	195	3
7469	3776	0
5208	165	0
2401	5186	4
2254	108	2
2200	3574	4
1092	9107	4
1497	136	2
10151	3285	3
3694	1437	3
2120	4155	0
6221	7852	1
2370	8538	1
2497	285	2
8211	136	2
804	11637	0
4189	4188	3
7296	11864	1
4564	367	2
7342	367	2
4144	564	0
7153	3849	0
5944	5943	1
6077	7006	0
10039	10438	4
1703	9193	0
1671	1670	1
3657	3574	3
3212	3211	3
8704	3650	0
6158	157	2
11455	11454	4
11568	1270	3
6208	367	2
4604	3556	1
2899	4698	3
3193	2866	4
855	9490	4
10130	10869	4
2425	157	2
10018	8916	1
4094	4093	1
6878	985	3
4283	10221	1
1934	5640	3
5925	8668	1
3682	108	2
5332	8103	0
1403	5983	4
8154	6373	3
2269	2268	0
6279	5049	1
9354	9353	0
1785	9406	1
629	136	2
11044	5669	4
2319	1863	4
2818	5849	0
2604	136	2
4116	6079	1
230	157	2
8052	11335	0
27	26	2
7399	3291	3
8802	136	2
7862	8582	0
8711	3233	3
1653	9793	1
3617	4757	0
2254	108	2
3287	3286	3
917	5337	0
982	279	2
9679	10045	4
3031	10	2
5307	6470	1
1303	3170	1
6479	677	3
5081	5080	0
6610	6609	4
614	613	0
9984	3073	0
144	726	1
8417	11439	0
1738	5729	4
397	285	2
4468	5537	1
5461	422	3
2025	10601	0
6084	5790	0
5563	844	3
406	2786	3
8073	1210	0
8102	7564	0
4986	2564	0
7673	9315	0
2622	4718	4
943	1206	4
5594	7735	4
6593	8088	4
1251	136	2
4649	10425	0
2642	136	2
3490	3304	1
4067	367	2
6207	9069	0
1955	1019	4
7701	10516	0
2548	2966	3
8212	8211	4
3093	11466	0
6953	6952	4
5980	5925	0
7945	10449	4
1906	10	2
9958	5452	3
6029	4560	3
4122	1735	4
2506	2989	4
4422	8428	1
6855	11474	4
5957	789	2
7641	3625	3
5567	2079	1
9588	157	2
